accession,hgvs_nt,hgvs_splice,hgvs_pro,score,std
urn:mavedb:00000115-a-6#1,NA,NA,p.Thr2Ala,-0.068377376,0.051530488
urn:mavedb:00000115-a-6#2,NA,NA,p.Thr2Cys,0.034532253,0.038165018
urn:mavedb:00000115-a-6#3,NA,NA,p.Thr2Asp,-0.20360799,0.07102465
urn:mavedb:00000115-a-6#4,NA,NA,p.Thr2Glu,-0.13720948,0.06451049
urn:mavedb:00000115-a-6#5,NA,NA,p.Thr2Phe,-0.019089883,0.058371175
urn:mavedb:00000115-a-6#6,NA,NA,p.Thr2Gly,0.023428397,0.028797377
urn:mavedb:00000115-a-6#7,NA,NA,p.Thr2His,-0.005658979,0.13625246
urn:mavedb:00000115-a-6#8,NA,NA,p.Thr2Ile,0.011818288,0.085491545
urn:mavedb:00000115-a-6#9,NA,NA,p.Thr2Lys,-0.07449029,0.006081513
urn:mavedb:00000115-a-6#10,NA,NA,p.Thr2Leu,0.011562231,0.061679043
urn:mavedb:00000115-a-6#11,NA,NA,p.Thr2Met,-0.35251406,0.12644963
urn:mavedb:00000115-a-6#12,NA,NA,p.Thr2Asn,-0.13764378,0.18436876
urn:mavedb:00000115-a-6#13,NA,NA,p.Thr2Pro,-0.093031056,0.11503908
urn:mavedb:00000115-a-6#14,NA,NA,p.Thr2Gln,-0.060473196,0.13667335
urn:mavedb:00000115-a-6#15,NA,NA,p.Thr2Arg,-0.16340712,0.040104117
urn:mavedb:00000115-a-6#16,NA,NA,p.Thr2Ser,-0.037750058,0.053289533
urn:mavedb:00000115-a-6#17,NA,NA,p.Thr2Val,0.028337426,0.032833308
urn:mavedb:00000115-a-6#18,NA,NA,p.Thr2Trp,0.06371423,0.13370448
urn:mavedb:00000115-a-6#19,NA,NA,p.Thr2Tyr,-0.18116413,0.13588777
urn:mavedb:00000115-a-6#20,NA,NA,p.Glu3Ala,0.2048438,0.07374217
urn:mavedb:00000115-a-6#21,NA,NA,p.Glu3Cys,0.19191316,0.049243476
urn:mavedb:00000115-a-6#22,NA,NA,p.Glu3Asp,0.066707104,0.0573204
urn:mavedb:00000115-a-6#23,NA,NA,p.Glu3Phe,0.19383524,0.032171723
urn:mavedb:00000115-a-6#24,NA,NA,p.Glu3Gly,0.34665927,0.017844474
urn:mavedb:00000115-a-6#25,NA,NA,p.Glu3His,0.24847494,0.071968466
urn:mavedb:00000115-a-6#26,NA,NA,p.Glu3Ile,0.22556737,0.046328396
urn:mavedb:00000115-a-6#27,NA,NA,p.Glu3Lys,0.16936263,0.055328432
urn:mavedb:00000115-a-6#28,NA,NA,p.Glu3Leu,0.033178676,0.039778065
urn:mavedb:00000115-a-6#29,NA,NA,p.Glu3Met,-0.026683133,0.10588183
urn:mavedb:00000115-a-6#30,NA,NA,p.Glu3Asn,0.21487364,0.10939322
urn:mavedb:00000115-a-6#31,NA,NA,p.Glu3Pro,0.108030364,0.06336869
urn:mavedb:00000115-a-6#32,NA,NA,p.Glu3Gln,0.012680262,0.12371468
urn:mavedb:00000115-a-6#33,NA,NA,p.Glu3Arg,0.42791048,0.049940493
urn:mavedb:00000115-a-6#34,NA,NA,p.Glu3Ser,0.3838236,0.020656168
urn:mavedb:00000115-a-6#35,NA,NA,p.Glu3Thr,0.17204952,0.057082325
urn:mavedb:00000115-a-6#36,NA,NA,p.Glu3Val,0.22165416,0.038367275
urn:mavedb:00000115-a-6#37,NA,NA,p.Glu3Trp,0.801987,0.07849563
urn:mavedb:00000115-a-6#38,NA,NA,p.Glu3Tyr,0.18420668,0.049579505
urn:mavedb:00000115-a-6#39,NA,NA,p.Tyr4Ala,0.05445009,0.17297843
urn:mavedb:00000115-a-6#40,NA,NA,p.Tyr4Cys,-0.041122466,0.07398276
urn:mavedb:00000115-a-6#41,NA,NA,p.Tyr4Asp,-0.11535459,0.037668895
urn:mavedb:00000115-a-6#42,NA,NA,p.Tyr4Glu,0.0042057303,0.09726843
urn:mavedb:00000115-a-6#43,NA,NA,p.Tyr4Phe,-0.108035594,0.06860964
urn:mavedb:00000115-a-6#44,NA,NA,p.Tyr4Gly,0.122275785,0.071801186
urn:mavedb:00000115-a-6#45,NA,NA,p.Tyr4His,-0.05225351,0.15896785
urn:mavedb:00000115-a-6#46,NA,NA,p.Tyr4Ile,-0.12222629,0.14089757
urn:mavedb:00000115-a-6#47,NA,NA,p.Tyr4Lys,-0.5276786,0.3636378
urn:mavedb:00000115-a-6#48,NA,NA,p.Tyr4Leu,-0.02066932,0.090143986
urn:mavedb:00000115-a-6#49,NA,NA,p.Tyr4Met,-0.3296439,0.17161013
urn:mavedb:00000115-a-6#50,NA,NA,p.Tyr4Asn,-0.051941518,0.13402323
urn:mavedb:00000115-a-6#51,NA,NA,p.Tyr4Pro,-0.6450216,0.16476692
urn:mavedb:00000115-a-6#52,NA,NA,p.Tyr4Gln,-0.18488105,0.20000829
urn:mavedb:00000115-a-6#53,NA,NA,p.Tyr4Arg,-0.11176802,0.120267436
urn:mavedb:00000115-a-6#54,NA,NA,p.Tyr4Ser,-0.100158416,0.13723603
urn:mavedb:00000115-a-6#55,NA,NA,p.Tyr4Thr,-0.18448892,0.09414363
urn:mavedb:00000115-a-6#56,NA,NA,p.Tyr4Val,-0.14270356,0.07061129
urn:mavedb:00000115-a-6#57,NA,NA,p.Tyr4Trp,0.17156939,0.05973144
urn:mavedb:00000115-a-6#58,NA,NA,p.Lys5Ala,0.15832675,0.07120757
urn:mavedb:00000115-a-6#59,NA,NA,p.Lys5Cys,0.36738965,0.12128366
urn:mavedb:00000115-a-6#60,NA,NA,p.Lys5Asp,0.06821004,0.14992803
urn:mavedb:00000115-a-6#61,NA,NA,p.Lys5Glu,-0.040421277,0.20179208
urn:mavedb:00000115-a-6#62,NA,NA,p.Lys5Phe,1.1392351,0.36994663
urn:mavedb:00000115-a-6#63,NA,NA,p.Lys5Gly,0.04604673,0.041791294
urn:mavedb:00000115-a-6#64,NA,NA,p.Lys5His,0.012326485,0.107402734
urn:mavedb:00000115-a-6#65,NA,NA,p.Lys5Ile,1.1721534,0.26688904
urn:mavedb:00000115-a-6#66,NA,NA,p.Lys5Leu,0.8695388,0.13027292
urn:mavedb:00000115-a-6#67,NA,NA,p.Lys5Met,-0.009498952,0.22243649
urn:mavedb:00000115-a-6#68,NA,NA,p.Lys5Asn,-0.11375544,0.08308469
urn:mavedb:00000115-a-6#69,NA,NA,p.Lys5Pro,-0.26724988,0.10301549
urn:mavedb:00000115-a-6#70,NA,NA,p.Lys5Gln,-0.32439888,0.19951354
urn:mavedb:00000115-a-6#71,NA,NA,p.Lys5Arg,-0.061938357,0.03305519
urn:mavedb:00000115-a-6#72,NA,NA,p.Lys5Ser,0.04543254,0.07840443
urn:mavedb:00000115-a-6#73,NA,NA,p.Lys5Thr,0.00072369294,0.124794304
urn:mavedb:00000115-a-6#74,NA,NA,p.Lys5Val,0.55434674,0.10688269
urn:mavedb:00000115-a-6#75,NA,NA,p.Lys5Trp,0.7759186,0.46020186
urn:mavedb:00000115-a-6#76,NA,NA,p.Lys5Tyr,1.0987384,0.33061585
urn:mavedb:00000115-a-6#77,NA,NA,p.Leu6Ala,0.09949443,0.12634885
urn:mavedb:00000115-a-6#78,NA,NA,p.Leu6Cys,0.007929369,0.101174526
urn:mavedb:00000115-a-6#79,NA,NA,p.Leu6Asp,0.21059954,0.47609058
urn:mavedb:00000115-a-6#80,NA,NA,p.Leu6Glu,0.5208287,0.2508034
urn:mavedb:00000115-a-6#81,NA,NA,p.Leu6Phe,0.0144924745,0.06745321
urn:mavedb:00000115-a-6#82,NA,NA,p.Leu6Gly,0.535299,0.07163038
urn:mavedb:00000115-a-6#83,NA,NA,p.Leu6His,0.77552694,0.030832961
urn:mavedb:00000115-a-6#84,NA,NA,p.Leu6Ile,-0.18490586,0.03965925
urn:mavedb:00000115-a-6#85,NA,NA,p.Leu6Lys,0.43354785,0.41839612
urn:mavedb:00000115-a-6#86,NA,NA,p.Leu6Met,0.084631555,0.068989284
urn:mavedb:00000115-a-6#87,NA,NA,p.Leu6Asn,0.517297,0.22668979
urn:mavedb:00000115-a-6#88,NA,NA,p.Leu6Pro,0.37047327,0.12490097
urn:mavedb:00000115-a-6#89,NA,NA,p.Leu6Gln,0.2607743,0.1792369
urn:mavedb:00000115-a-6#90,NA,NA,p.Leu6Arg,1.4746815,0.2435168
urn:mavedb:00000115-a-6#91,NA,NA,p.Leu6Ser,0.11726633,0.15475118
urn:mavedb:00000115-a-6#92,NA,NA,p.Leu6Thr,0.041921042,0.08787549
urn:mavedb:00000115-a-6#93,NA,NA,p.Leu6Val,-0.01483589,0.044419497
urn:mavedb:00000115-a-6#94,NA,NA,p.Leu6Trp,-0.052415583,0.10799807
urn:mavedb:00000115-a-6#95,NA,NA,p.Leu6Tyr,0.061199855,0.053883906
urn:mavedb:00000115-a-6#96,NA,NA,p.Val7Ala,0.17935464,0.05859626
urn:mavedb:00000115-a-6#97,NA,NA,p.Val7Cys,0.11555799,0.10989666
urn:mavedb:00000115-a-6#98,NA,NA,p.Val7Asp,0.021222409,0.24549189
urn:mavedb:00000115-a-6#99,NA,NA,p.Val7Glu,0.5298763,0.09025065
urn:mavedb:00000115-a-6#100,NA,NA,p.Val7Phe,0.15675233,0.13033572
urn:mavedb:00000115-a-6#101,NA,NA,p.Val7Gly,0.2409943,0.051749
urn:mavedb:00000115-a-6#102,NA,NA,p.Val7His,-0.5798691,0.19955032
urn:mavedb:00000115-a-6#103,NA,NA,p.Val7Ile,-0.03827317,0.09956301
urn:mavedb:00000115-a-6#104,NA,NA,p.Val7Lys,0.12597068,0.09208348
urn:mavedb:00000115-a-6#105,NA,NA,p.Val7Leu,-0.059768964,0.11955621
urn:mavedb:00000115-a-6#106,NA,NA,p.Val7Met,-0.025906762,0.101887956
urn:mavedb:00000115-a-6#107,NA,NA,p.Val7Asn,-0.21411936,0.124454506
urn:mavedb:00000115-a-6#108,NA,NA,p.Val7Pro,0.9217125,0.2877145
urn:mavedb:00000115-a-6#109,NA,NA,p.Val7Gln,0.123974934,0.08817318
urn:mavedb:00000115-a-6#110,NA,NA,p.Val7Arg,0.7381465,0.02934887
urn:mavedb:00000115-a-6#111,NA,NA,p.Val7Ser,-0.11544714,0.07981376
urn:mavedb:00000115-a-6#112,NA,NA,p.Val7Thr,-0.11700973,0.16536234
urn:mavedb:00000115-a-6#113,NA,NA,p.Val7Trp,-0.15471596,0.097286575
urn:mavedb:00000115-a-6#114,NA,NA,p.Val7Tyr,0.023115704,0.15194832
urn:mavedb:00000115-a-6#115,NA,NA,p.Val8Ala,0.08513188,0.038993236
urn:mavedb:00000115-a-6#116,NA,NA,p.Val8Cys,0.14875999,0.06496052
urn:mavedb:00000115-a-6#117,NA,NA,p.Val8Asp,0.4852833,0.23665564
urn:mavedb:00000115-a-6#118,NA,NA,p.Val8Glu,0.10311519,0.17315806
urn:mavedb:00000115-a-6#119,NA,NA,p.Val8Phe,0.4728794,0.15017812
urn:mavedb:00000115-a-6#120,NA,NA,p.Val8Gly,0.33631465,0.14370346
urn:mavedb:00000115-a-6#121,NA,NA,p.Val8His,0.26896626,0.16287526
urn:mavedb:00000115-a-6#122,NA,NA,p.Val8Ile,-0.13456044,0.1307337
urn:mavedb:00000115-a-6#123,NA,NA,p.Val8Lys,0.279765,0.25399816
urn:mavedb:00000115-a-6#124,NA,NA,p.Val8Leu,0.038399074,0.06191285
urn:mavedb:00000115-a-6#125,NA,NA,p.Val8Met,-0.007577245,0.083450645
urn:mavedb:00000115-a-6#126,NA,NA,p.Val8Asn,0.35310894,0.1472281
urn:mavedb:00000115-a-6#127,NA,NA,p.Val8Pro,0.48526472,0.4581463
urn:mavedb:00000115-a-6#128,NA,NA,p.Val8Gln,0.3920088,0.068828344
urn:mavedb:00000115-a-6#129,NA,NA,p.Val8Arg,1.4434661,0.33498353
urn:mavedb:00000115-a-6#130,NA,NA,p.Val8Ser,0.37201592,0.097948104
urn:mavedb:00000115-a-6#131,NA,NA,p.Val8Thr,-0.2618919,0.14243664
urn:mavedb:00000115-a-6#132,NA,NA,p.Val8Trp,0.75938934,0.31210867
urn:mavedb:00000115-a-6#133,NA,NA,p.Val8Tyr,1.077449,0.21306212
urn:mavedb:00000115-a-6#134,NA,NA,p.Val9Ala,0.12246869,0.06762811
urn:mavedb:00000115-a-6#135,NA,NA,p.Val9Cys,0.17085801,0.061062045
urn:mavedb:00000115-a-6#136,NA,NA,p.Val9Asp,0.6534101,0.05980901
urn:mavedb:00000115-a-6#137,NA,NA,p.Val9Glu,0.3362011,0.16642024
urn:mavedb:00000115-a-6#138,NA,NA,p.Val9Phe,-0.22502299,0.073398374
urn:mavedb:00000115-a-6#139,NA,NA,p.Val9Gly,0.3080598,0.043913327
urn:mavedb:00000115-a-6#140,NA,NA,p.Val9His,-0.23555773,0.12402189
urn:mavedb:00000115-a-6#141,NA,NA,p.Val9Ile,-0.07428577,0.08408355
urn:mavedb:00000115-a-6#142,NA,NA,p.Val9Lys,0.6527181,0.27556857
urn:mavedb:00000115-a-6#143,NA,NA,p.Val9Leu,-0.24519178,0.051063314
urn:mavedb:00000115-a-6#144,NA,NA,p.Val9Met,-0.071417436,0.04364156
urn:mavedb:00000115-a-6#145,NA,NA,p.Val9Asn,0.41615823,0.089719445
urn:mavedb:00000115-a-6#146,NA,NA,p.Val9Pro,0.15724772,0.13132279
urn:mavedb:00000115-a-6#147,NA,NA,p.Val9Gln,0.09417112,0.17713122
urn:mavedb:00000115-a-6#148,NA,NA,p.Val9Arg,0.018028313,0.047635734
urn:mavedb:00000115-a-6#149,NA,NA,p.Val9Ser,0.16893232,0.043119308
urn:mavedb:00000115-a-6#150,NA,NA,p.Val9Thr,-0.15886138,0.1452206
urn:mavedb:00000115-a-6#151,NA,NA,p.Val9Trp,-0.049385235,0.07392213
urn:mavedb:00000115-a-6#152,NA,NA,p.Val9Tyr,-0.0119717335,0.050669085
urn:mavedb:00000115-a-6#153,NA,NA,p.Gly10Ala,-0.23331389,0.0708154
urn:mavedb:00000115-a-6#154,NA,NA,p.Gly10Cys,0.17648928,0.05891238
urn:mavedb:00000115-a-6#155,NA,NA,p.Gly10Asp,0.414486,0.31405145
urn:mavedb:00000115-a-6#156,NA,NA,p.Gly10Glu,-0.13762727,0.25109503
urn:mavedb:00000115-a-6#157,NA,NA,p.Gly10Phe,0.30201355,0.32588387
urn:mavedb:00000115-a-6#158,NA,NA,p.Gly10His,0.75348353,0.11708986
urn:mavedb:00000115-a-6#159,NA,NA,p.Gly10Ile,0.74273896,0.23231784
urn:mavedb:00000115-a-6#160,NA,NA,p.Gly10Lys,0.68348473,0.20117308
urn:mavedb:00000115-a-6#161,NA,NA,p.Gly10Leu,1.2247746,0.21385926
urn:mavedb:00000115-a-6#162,NA,NA,p.Gly10Met,0.93770564,0.12565118
urn:mavedb:00000115-a-6#163,NA,NA,p.Gly10Asn,0.82174766,0.23825026
urn:mavedb:00000115-a-6#164,NA,NA,p.Gly10Pro,1.0338216,0.1101454
urn:mavedb:00000115-a-6#165,NA,NA,p.Gly10Gln,0.5160874,0.2800951
urn:mavedb:00000115-a-6#166,NA,NA,p.Gly10Arg,1.1900473,0.28119034
urn:mavedb:00000115-a-6#167,NA,NA,p.Gly10Ser,-0.16907455,0.06504186
urn:mavedb:00000115-a-6#168,NA,NA,p.Gly10Thr,0.84227455,0.15696037
urn:mavedb:00000115-a-6#169,NA,NA,p.Gly10Val,1.0247281,0.27825356
urn:mavedb:00000115-a-6#170,NA,NA,p.Gly10Trp,0.82240593,0.17826413
urn:mavedb:00000115-a-6#171,NA,NA,p.Gly10Tyr,0.37253296,0.27886102
urn:mavedb:00000115-a-6#172,NA,NA,p.Ala11Cys,-0.1396752,0.043544587
urn:mavedb:00000115-a-6#173,NA,NA,p.Ala11Asp,-0.12008448,0.051378183
urn:mavedb:00000115-a-6#174,NA,NA,p.Ala11Glu,-0.17494573,0.028327785
urn:mavedb:00000115-a-6#175,NA,NA,p.Ala11Phe,-0.22101599,0.11755321
urn:mavedb:00000115-a-6#176,NA,NA,p.Ala11Gly,0.027626984,0.04650753
urn:mavedb:00000115-a-6#177,NA,NA,p.Ala11His,0.01813333,0.048230134
urn:mavedb:00000115-a-6#178,NA,NA,p.Ala11Ile,-0.1403403,0.0812702
urn:mavedb:00000115-a-6#179,NA,NA,p.Ala11Lys,-0.18138489,0.05143611
urn:mavedb:00000115-a-6#180,NA,NA,p.Ala11Leu,-0.23543403,0.048814256
urn:mavedb:00000115-a-6#181,NA,NA,p.Ala11Met,-0.14721163,0.100141585
urn:mavedb:00000115-a-6#182,NA,NA,p.Ala11Asn,-0.041436546,0.11452152
urn:mavedb:00000115-a-6#183,NA,NA,p.Ala11Pro,0.09567673,0.056639276
urn:mavedb:00000115-a-6#184,NA,NA,p.Ala11Gln,0.17401712,0.083835185
urn:mavedb:00000115-a-6#185,NA,NA,p.Ala11Arg,-0.036295027,0.04870071
urn:mavedb:00000115-a-6#186,NA,NA,p.Ala11Ser,-0.002273523,0.029674439
urn:mavedb:00000115-a-6#187,NA,NA,p.Ala11Thr,-0.16794021,0.0728091
urn:mavedb:00000115-a-6#188,NA,NA,p.Ala11Val,-0.0014601537,0.054995038
urn:mavedb:00000115-a-6#189,NA,NA,p.Ala11Trp,-0.025763951,0.055232182
urn:mavedb:00000115-a-6#190,NA,NA,p.Ala11Tyr,0.097215086,0.10596845
urn:mavedb:00000115-a-6#191,NA,NA,p.Gly12Ala,-0.020521563,0.10173903
urn:mavedb:00000115-a-6#192,NA,NA,p.Gly12Cys,0.039723177,0.0091725895
urn:mavedb:00000115-a-6#193,NA,NA,p.Gly12Asp,0.015089605,0.004812575
urn:mavedb:00000115-a-6#194,NA,NA,p.Gly12Glu,-0.06673566,0.12197122
urn:mavedb:00000115-a-6#195,NA,NA,p.Gly12Phe,0.061912388,0.04223977
urn:mavedb:00000115-a-6#196,NA,NA,p.Gly12His,-0.14654103,0.13804132
urn:mavedb:00000115-a-6#197,NA,NA,p.Gly12Ile,0.1582574,0.0503297
urn:mavedb:00000115-a-6#198,NA,NA,p.Gly12Lys,-0.07020742,0.103097804
urn:mavedb:00000115-a-6#199,NA,NA,p.Gly12Leu,0.20532295,0.06497755
urn:mavedb:00000115-a-6#200,NA,NA,p.Gly12Met,-0.099356174,0.12273954
urn:mavedb:00000115-a-6#201,NA,NA,p.Gly12Asn,-0.25871927,0.19475274
urn:mavedb:00000115-a-6#202,NA,NA,p.Gly12Pro,0.13752703,0.06919401
urn:mavedb:00000115-a-6#203,NA,NA,p.Gly12Gln,0.038202822,0.11438485
urn:mavedb:00000115-a-6#204,NA,NA,p.Gly12Arg,0.19157018,0.017588317
urn:mavedb:00000115-a-6#205,NA,NA,p.Gly12Ser,0.023424083,0.03577594
urn:mavedb:00000115-a-6#206,NA,NA,p.Gly12Thr,-0.011336986,0.06377705
urn:mavedb:00000115-a-6#207,NA,NA,p.Gly12Val,0.2014054,0.013341315
urn:mavedb:00000115-a-6#208,NA,NA,p.Gly12Trp,-0.06609265,0.07383062
urn:mavedb:00000115-a-6#209,NA,NA,p.Gly12Tyr,0.027243668,0.056001928
urn:mavedb:00000115-a-6#210,NA,NA,p.Gly13Ala,-0.07436419,0.058756493
urn:mavedb:00000115-a-6#211,NA,NA,p.Gly13Cys,-0.041436322,0.055684373
urn:mavedb:00000115-a-6#212,NA,NA,p.Gly13Asp,-0.17221966,0.054104686
urn:mavedb:00000115-a-6#213,NA,NA,p.Gly13Glu,-0.08538244,0.0634716
urn:mavedb:00000115-a-6#214,NA,NA,p.Gly13Phe,-0.070976,0.09025425
urn:mavedb:00000115-a-6#215,NA,NA,p.Gly13His,-0.23606177,0.07610729
urn:mavedb:00000115-a-6#216,NA,NA,p.Gly13Ile,0.10301386,0.08604025
urn:mavedb:00000115-a-6#217,NA,NA,p.Gly13Lys,0.14115295,0.043973275
urn:mavedb:00000115-a-6#218,NA,NA,p.Gly13Leu,0.0625605,0.029926863
urn:mavedb:00000115-a-6#219,NA,NA,p.Gly13Met,0.11164271,0.055837676
urn:mavedb:00000115-a-6#220,NA,NA,p.Gly13Asn,-0.13770725,0.19033602
urn:mavedb:00000115-a-6#221,NA,NA,p.Gly13Pro,-0.10882131,0.05648609
urn:mavedb:00000115-a-6#222,NA,NA,p.Gly13Gln,-0.012481271,0.062932834
urn:mavedb:00000115-a-6#223,NA,NA,p.Gly13Arg,0.05014211,0.051265012
urn:mavedb:00000115-a-6#224,NA,NA,p.Gly13Ser,-0.101406634,0.043843366
urn:mavedb:00000115-a-6#225,NA,NA,p.Gly13Thr,0.0736833,0.077219285
urn:mavedb:00000115-a-6#226,NA,NA,p.Gly13Val,-0.114895016,0.078457415
urn:mavedb:00000115-a-6#227,NA,NA,p.Gly13Trp,-0.11704059,0.05480839
urn:mavedb:00000115-a-6#228,NA,NA,p.Gly13Tyr,0.063685566,0.060871262
urn:mavedb:00000115-a-6#229,NA,NA,p.Val14Ala,-0.087473236,0.066519536
urn:mavedb:00000115-a-6#230,NA,NA,p.Val14Cys,0.045160525,0.050754335
urn:mavedb:00000115-a-6#231,NA,NA,p.Val14Asp,-0.2782681,0.037239518
urn:mavedb:00000115-a-6#232,NA,NA,p.Val14Glu,-0.26070952,0.08740526
urn:mavedb:00000115-a-6#233,NA,NA,p.Val14Phe,-0.18153326,0.028882438
urn:mavedb:00000115-a-6#234,NA,NA,p.Val14Gly,-0.13215369,0.03272174
urn:mavedb:00000115-a-6#235,NA,NA,p.Val14His,-0.33731943,0.049771704
urn:mavedb:00000115-a-6#236,NA,NA,p.Val14Ile,-0.1190187,0.07935479
urn:mavedb:00000115-a-6#237,NA,NA,p.Val14Lys,-0.23038058,0.201701
urn:mavedb:00000115-a-6#238,NA,NA,p.Val14Leu,-0.21687353,0.07757346
urn:mavedb:00000115-a-6#239,NA,NA,p.Val14Met,-0.15849878,0.02817889
urn:mavedb:00000115-a-6#240,NA,NA,p.Val14Asn,-0.10600036,0.05355618
urn:mavedb:00000115-a-6#241,NA,NA,p.Val14Pro,-0.0006539728,0.07619194
urn:mavedb:00000115-a-6#242,NA,NA,p.Val14Gln,-0.14118575,0.09690029
urn:mavedb:00000115-a-6#243,NA,NA,p.Val14Arg,-0.27149072,0.20834853
urn:mavedb:00000115-a-6#244,NA,NA,p.Val14Ser,-0.025623925,0.00727786
urn:mavedb:00000115-a-6#245,NA,NA,p.Val14Thr,-0.11236975,0.041911084
urn:mavedb:00000115-a-6#246,NA,NA,p.Val14Trp,-0.18734959,0.049741935
urn:mavedb:00000115-a-6#247,NA,NA,p.Val14Tyr,-0.29876342,0.240527
urn:mavedb:00000115-a-6#248,NA,NA,p.Gly15Ala,1.282965,0.12779382
urn:mavedb:00000115-a-6#249,NA,NA,p.Gly15Cys,1.0698934,0.13984406
urn:mavedb:00000115-a-6#250,NA,NA,p.Gly15Asp,0.28391066,0.335799
urn:mavedb:00000115-a-6#251,NA,NA,p.Gly15Glu,0.7078842,0.22878781
urn:mavedb:00000115-a-6#252,NA,NA,p.Gly15Phe,0.88806415,0.23366825
urn:mavedb:00000115-a-6#253,NA,NA,p.Gly15His,1.0203207,0.3905812
urn:mavedb:00000115-a-6#254,NA,NA,p.Gly15Ile,0.81281966,0.38108996
urn:mavedb:00000115-a-6#255,NA,NA,p.Gly15Lys,1.0812879,0.19167785
urn:mavedb:00000115-a-6#256,NA,NA,p.Gly15Leu,1.02597,0.27547807
urn:mavedb:00000115-a-6#257,NA,NA,p.Gly15Met,0.9502813,0.15954393
urn:mavedb:00000115-a-6#258,NA,NA,p.Gly15Asn,1.0756569,0.101957075
urn:mavedb:00000115-a-6#259,NA,NA,p.Gly15Pro,0.17960171,0.25947323
urn:mavedb:00000115-a-6#260,NA,NA,p.Gly15Gln,0.820439,0.22745775
urn:mavedb:00000115-a-6#261,NA,NA,p.Gly15Arg,1.3943521,0.31607375
urn:mavedb:00000115-a-6#262,NA,NA,p.Gly15Ser,0.8613939,0.29865733
urn:mavedb:00000115-a-6#263,NA,NA,p.Gly15Thr,0.28526062,0.2772902
urn:mavedb:00000115-a-6#264,NA,NA,p.Gly15Val,1.271605,0.31410143
urn:mavedb:00000115-a-6#265,NA,NA,p.Gly15Trp,0.973004,0.18810275
urn:mavedb:00000115-a-6#266,NA,NA,p.Gly15Tyr,0.8052832,0.29029045
urn:mavedb:00000115-a-6#267,NA,NA,p.Lys16Ala,0.7478017,0.039353136
urn:mavedb:00000115-a-6#268,NA,NA,p.Lys16Cys,0.3320224,0.04859257
urn:mavedb:00000115-a-6#269,NA,NA,p.Lys16Asp,1.4952346,0.2641038
urn:mavedb:00000115-a-6#270,NA,NA,p.Lys16Glu,0.6032184,0.13224013
urn:mavedb:00000115-a-6#271,NA,NA,p.Lys16Phe,-0.20120618,0.26901218
urn:mavedb:00000115-a-6#272,NA,NA,p.Lys16Gly,0.4598948,0.03910327
urn:mavedb:00000115-a-6#273,NA,NA,p.Lys16His,1.6786827,0.24521984
urn:mavedb:00000115-a-6#274,NA,NA,p.Lys16Ile,1.6208265,0.37626937
urn:mavedb:00000115-a-6#275,NA,NA,p.Lys16Leu,2.0272737,0.2268069
urn:mavedb:00000115-a-6#276,NA,NA,p.Lys16Met,0.7372537,0.2697042
urn:mavedb:00000115-a-6#277,NA,NA,p.Lys16Asn,0.292652,0.06054443
urn:mavedb:00000115-a-6#278,NA,NA,p.Lys16Pro,0.96884406,0.22812158
urn:mavedb:00000115-a-6#279,NA,NA,p.Lys16Gln,0.11296646,0.065398104
urn:mavedb:00000115-a-6#280,NA,NA,p.Lys16Arg,1.5583321,0.15551391
urn:mavedb:00000115-a-6#281,NA,NA,p.Lys16Ser,0.13329434,0.027352333
urn:mavedb:00000115-a-6#282,NA,NA,p.Lys16Thr,0.5023015,0.16140029
urn:mavedb:00000115-a-6#283,NA,NA,p.Lys16Val,1.8221887,0.16713576
urn:mavedb:00000115-a-6#284,NA,NA,p.Lys16Trp,1.3263204,0.2803696
urn:mavedb:00000115-a-6#285,NA,NA,p.Lys16Tyr,0.75119555,0.33439913
urn:mavedb:00000115-a-6#286,NA,NA,p.Ser17Ala,1.9271063,0.48096183
urn:mavedb:00000115-a-6#287,NA,NA,p.Ser17Cys,1.1377643,0.18912613
urn:mavedb:00000115-a-6#288,NA,NA,p.Ser17Asp,1.9595513,0.607242
urn:mavedb:00000115-a-6#289,NA,NA,p.Ser17Glu,1.1673558,0.28893834
urn:mavedb:00000115-a-6#290,NA,NA,p.Ser17Phe,2.0518534,0.468273
urn:mavedb:00000115-a-6#291,NA,NA,p.Ser17Gly,1.5118774,0.04199237
urn:mavedb:00000115-a-6#292,NA,NA,p.Ser17His,1.535719,0.56311554
urn:mavedb:00000115-a-6#293,NA,NA,p.Ser17Ile,1.4795877,0.08776773
urn:mavedb:00000115-a-6#294,NA,NA,p.Ser17Lys,1.8221837,0.46929878
urn:mavedb:00000115-a-6#295,NA,NA,p.Ser17Leu,1.0086658,0.5916507
urn:mavedb:00000115-a-6#296,NA,NA,p.Ser17Met,1.6014369,0.49005657
urn:mavedb:00000115-a-6#297,NA,NA,p.Ser17Asn,3.0383604,0.1719061
urn:mavedb:00000115-a-6#298,NA,NA,p.Ser17Pro,0.7644993,0.26842064
urn:mavedb:00000115-a-6#299,NA,NA,p.Ser17Gln,0.99224323,0.16632332
urn:mavedb:00000115-a-6#300,NA,NA,p.Ser17Arg,2.1932454,0.17912072
urn:mavedb:00000115-a-6#301,NA,NA,p.Ser17Thr,0.32299325,0.024943026
urn:mavedb:00000115-a-6#302,NA,NA,p.Ser17Val,1.3709017,0.276326
urn:mavedb:00000115-a-6#303,NA,NA,p.Ser17Trp,1.9032074,0.59951645
urn:mavedb:00000115-a-6#304,NA,NA,p.Ser17Tyr,0.69269073,0.41220713
urn:mavedb:00000115-a-6#305,NA,NA,p.Ala18Cys,0.12681617,0.04746081
urn:mavedb:00000115-a-6#306,NA,NA,p.Ala18Asp,0.57234997,0.044135984
urn:mavedb:00000115-a-6#307,NA,NA,p.Ala18Glu,1.4163126,0.074921094
urn:mavedb:00000115-a-6#308,NA,NA,p.Ala18Phe,1.9018973,0.17111424
urn:mavedb:00000115-a-6#309,NA,NA,p.Ala18Gly,0.009869829,0.038688723
urn:mavedb:00000115-a-6#310,NA,NA,p.Ala18His,0.4570712,0.088867426
urn:mavedb:00000115-a-6#311,NA,NA,p.Ala18Ile,0.34959042,0.048366386
urn:mavedb:00000115-a-6#312,NA,NA,p.Ala18Lys,0.342115,0.04755698
urn:mavedb:00000115-a-6#313,NA,NA,p.Ala18Leu,1.5127481,0.059393015
urn:mavedb:00000115-a-6#314,NA,NA,p.Ala18Met,0.2680982,0.06928047
urn:mavedb:00000115-a-6#315,NA,NA,p.Ala18Asn,-0.046633206,0.08567884
urn:mavedb:00000115-a-6#316,NA,NA,p.Ala18Pro,0.57563317,0.037676536
urn:mavedb:00000115-a-6#317,NA,NA,p.Ala18Gln,0.12693022,0.09742423
urn:mavedb:00000115-a-6#318,NA,NA,p.Ala18Arg,0.78083354,0.043233693
urn:mavedb:00000115-a-6#319,NA,NA,p.Ala18Ser,0.039996568,0.04967564
urn:mavedb:00000115-a-6#320,NA,NA,p.Ala18Thr,0.17805205,0.09047002
urn:mavedb:00000115-a-6#321,NA,NA,p.Ala18Val,0.11835088,0.031057613
urn:mavedb:00000115-a-6#322,NA,NA,p.Ala18Trp,0.9785665,0.05555924
urn:mavedb:00000115-a-6#323,NA,NA,p.Ala18Tyr,1.2599803,0.38567874
urn:mavedb:00000115-a-6#324,NA,NA,p.Leu19Ala,-0.29998562,0.04463692
urn:mavedb:00000115-a-6#325,NA,NA,p.Leu19Cys,-0.25481692,0.041606598
urn:mavedb:00000115-a-6#326,NA,NA,p.Leu19Asp,-0.32048845,0.06050041
urn:mavedb:00000115-a-6#327,NA,NA,p.Leu19Glu,-0.21600714,0.062176187
urn:mavedb:00000115-a-6#328,NA,NA,p.Leu19Phe,-0.09048248,0.054955214
urn:mavedb:00000115-a-6#329,NA,NA,p.Leu19Gly,-0.27383798,0.03747302
urn:mavedb:00000115-a-6#330,NA,NA,p.Leu19His,-0.06557874,0.107372515
urn:mavedb:00000115-a-6#331,NA,NA,p.Leu19Ile,-0.15382694,0.047022555
urn:mavedb:00000115-a-6#332,NA,NA,p.Leu19Lys,-0.19659838,0.06958437
urn:mavedb:00000115-a-6#333,NA,NA,p.Leu19Met,-0.22982694,0.049517095
urn:mavedb:00000115-a-6#334,NA,NA,p.Leu19Asn,-0.39846957,0.11888994
urn:mavedb:00000115-a-6#335,NA,NA,p.Leu19Pro,1.9495027,0.2031041
urn:mavedb:00000115-a-6#336,NA,NA,p.Leu19Gln,-0.27412698,0.06056038
urn:mavedb:00000115-a-6#337,NA,NA,p.Leu19Arg,1.1758643,0.24423578
urn:mavedb:00000115-a-6#338,NA,NA,p.Leu19Ser,-0.2045877,0.043623425
urn:mavedb:00000115-a-6#339,NA,NA,p.Leu19Thr,-0.21393411,0.08294507
urn:mavedb:00000115-a-6#340,NA,NA,p.Leu19Val,-0.07170338,0.03810612
urn:mavedb:00000115-a-6#341,NA,NA,p.Leu19Trp,0.3067172,0.09214195
urn:mavedb:00000115-a-6#342,NA,NA,p.Leu19Tyr,0.27256948,0.022432141
urn:mavedb:00000115-a-6#343,NA,NA,p.Thr20Ala,0.109655075,0.036445167
urn:mavedb:00000115-a-6#344,NA,NA,p.Thr20Cys,0.16897915,0.03358367
urn:mavedb:00000115-a-6#345,NA,NA,p.Thr20Asp,0.20079242,0.0661743
urn:mavedb:00000115-a-6#346,NA,NA,p.Thr20Glu,0.66947436,0.05219639
urn:mavedb:00000115-a-6#347,NA,NA,p.Thr20Phe,2.709602,0.0955568
urn:mavedb:00000115-a-6#348,NA,NA,p.Thr20Gly,0.31302232,0.043990467
urn:mavedb:00000115-a-6#349,NA,NA,p.Thr20His,2.1112058,0.23004127
urn:mavedb:00000115-a-6#350,NA,NA,p.Thr20Ile,0.06296591,0.10593305
urn:mavedb:00000115-a-6#351,NA,NA,p.Thr20Lys,1.9807869,0.15687792
urn:mavedb:00000115-a-6#352,NA,NA,p.Thr20Leu,0.19293785,0.050835725
urn:mavedb:00000115-a-6#353,NA,NA,p.Thr20Met,0.46370947,0.088955805
urn:mavedb:00000115-a-6#354,NA,NA,p.Thr20Asn,0.09495896,0.04795005
urn:mavedb:00000115-a-6#355,NA,NA,p.Thr20Pro,1.0555607,0.042164408
urn:mavedb:00000115-a-6#356,NA,NA,p.Thr20Gln,0.5292225,0.06792416
urn:mavedb:00000115-a-6#357,NA,NA,p.Thr20Arg,2.439237,0.15441558
urn:mavedb:00000115-a-6#358,NA,NA,p.Thr20Ser,-0.011213042,0.04185497
urn:mavedb:00000115-a-6#359,NA,NA,p.Thr20Val,0.06442852,0.030544156
urn:mavedb:00000115-a-6#360,NA,NA,p.Thr20Trp,2.5309157,0.22567356
urn:mavedb:00000115-a-6#361,NA,NA,p.Thr20Tyr,1.9852287,0.20611404
urn:mavedb:00000115-a-6#362,NA,NA,p.Ile21Ala,0.2424196,0.03903277
urn:mavedb:00000115-a-6#363,NA,NA,p.Ile21Cys,0.29926276,0.04215862
urn:mavedb:00000115-a-6#364,NA,NA,p.Ile21Asp,1.1647444,0.02983759
urn:mavedb:00000115-a-6#365,NA,NA,p.Ile21Glu,0.53941077,0.043242957
urn:mavedb:00000115-a-6#366,NA,NA,p.Ile21Phe,0.34398347,0.032586046
urn:mavedb:00000115-a-6#367,NA,NA,p.Ile21Gly,0.32064188,0.019894982
urn:mavedb:00000115-a-6#368,NA,NA,p.Ile21His,0.20586576,0.09112058
urn:mavedb:00000115-a-6#369,NA,NA,p.Ile21Lys,0.9163899,0.055174954
urn:mavedb:00000115-a-6#370,NA,NA,p.Ile21Leu,0.13130365,0.020385113
urn:mavedb:00000115-a-6#371,NA,NA,p.Ile21Met,0.14208086,0.054304227
urn:mavedb:00000115-a-6#372,NA,NA,p.Ile21Asn,0.5552898,0.06767993
urn:mavedb:00000115-a-6#373,NA,NA,p.Ile21Pro,2.6479409,0.3144924
urn:mavedb:00000115-a-6#374,NA,NA,p.Ile21Gln,0.26676068,0.035750274
urn:mavedb:00000115-a-6#375,NA,NA,p.Ile21Arg,0.60448784,0.036117345
urn:mavedb:00000115-a-6#376,NA,NA,p.Ile21Ser,0.3840841,0.026336543
urn:mavedb:00000115-a-6#377,NA,NA,p.Ile21Thr,0.29646719,0.031913336
urn:mavedb:00000115-a-6#378,NA,NA,p.Ile21Val,-0.02574614,0.03708436
urn:mavedb:00000115-a-6#379,NA,NA,p.Ile21Trp,0.17554924,0.04998944
urn:mavedb:00000115-a-6#380,NA,NA,p.Ile21Tyr,0.24791914,0.03184769
urn:mavedb:00000115-a-6#381,NA,NA,p.Gln22Ala,-0.027732402,0.030140357
urn:mavedb:00000115-a-6#382,NA,NA,p.Gln22Cys,0.19444002,0.053311206
urn:mavedb:00000115-a-6#383,NA,NA,p.Gln22Asp,-0.4354523,0.06475388
urn:mavedb:00000115-a-6#384,NA,NA,p.Gln22Glu,0.0051082224,0.07305969
urn:mavedb:00000115-a-6#385,NA,NA,p.Gln22Phe,0.20773554,0.112173356
urn:mavedb:00000115-a-6#386,NA,NA,p.Gln22Gly,0.030707087,0.030264316
urn:mavedb:00000115-a-6#387,NA,NA,p.Gln22His,0.14955497,0.07578807
urn:mavedb:00000115-a-6#388,NA,NA,p.Gln22Ile,-0.056173846,0.08273162
urn:mavedb:00000115-a-6#389,NA,NA,p.Gln22Lys,-0.1173381,0.03303076
urn:mavedb:00000115-a-6#390,NA,NA,p.Gln22Leu,0.5640948,0.020892214
urn:mavedb:00000115-a-6#391,NA,NA,p.Gln22Met,0.21776189,0.037707377
urn:mavedb:00000115-a-6#392,NA,NA,p.Gln22Asn,0.017778043,0.14448418
urn:mavedb:00000115-a-6#393,NA,NA,p.Gln22Pro,1.2912321,0.047491908
urn:mavedb:00000115-a-6#394,NA,NA,p.Gln22Arg,-0.09903105,0.03501859
urn:mavedb:00000115-a-6#395,NA,NA,p.Gln22Ser,-0.06416122,0.0772237
urn:mavedb:00000115-a-6#396,NA,NA,p.Gln22Thr,-0.111891925,0.03731951
urn:mavedb:00000115-a-6#397,NA,NA,p.Gln22Val,0.5214446,0.043334685
urn:mavedb:00000115-a-6#398,NA,NA,p.Gln22Trp,0.05296511,0.10255999
urn:mavedb:00000115-a-6#399,NA,NA,p.Gln22Tyr,0.36019656,0.06787221
urn:mavedb:00000115-a-6#400,NA,NA,p.Leu23Ala,-0.10998496,0.041754026
urn:mavedb:00000115-a-6#401,NA,NA,p.Leu23Cys,-0.03730988,0.046972167
urn:mavedb:00000115-a-6#402,NA,NA,p.Leu23Asp,0.6581037,0.04712441
urn:mavedb:00000115-a-6#403,NA,NA,p.Leu23Glu,-0.2811499,0.062886
urn:mavedb:00000115-a-6#404,NA,NA,p.Leu23Phe,-0.06985297,0.048542365
urn:mavedb:00000115-a-6#405,NA,NA,p.Leu23Gly,-0.086877614,0.05725831
urn:mavedb:00000115-a-6#406,NA,NA,p.Leu23His,-0.17040415,0.071480066
urn:mavedb:00000115-a-6#407,NA,NA,p.Leu23Ile,-0.018929891,0.10638394
urn:mavedb:00000115-a-6#408,NA,NA,p.Leu23Lys,-0.18741943,0.057505816
urn:mavedb:00000115-a-6#409,NA,NA,p.Leu23Met,-0.12207679,0.07269284
urn:mavedb:00000115-a-6#410,NA,NA,p.Leu23Asn,-0.11703124,0.07252474
urn:mavedb:00000115-a-6#411,NA,NA,p.Leu23Pro,1.7720023,0.091929205
urn:mavedb:00000115-a-6#412,NA,NA,p.Leu23Gln,-0.28639278,0.103771366
urn:mavedb:00000115-a-6#413,NA,NA,p.Leu23Arg,-0.18221137,0.027312825
urn:mavedb:00000115-a-6#414,NA,NA,p.Leu23Ser,-0.16054018,0.053569492
urn:mavedb:00000115-a-6#415,NA,NA,p.Leu23Thr,-0.29574892,0.04619455
urn:mavedb:00000115-a-6#416,NA,NA,p.Leu23Val,-0.0028646279,0.028470928
urn:mavedb:00000115-a-6#417,NA,NA,p.Leu23Trp,0.044465154,0.07096354
urn:mavedb:00000115-a-6#418,NA,NA,p.Leu23Tyr,0.028203877,0.06040267
urn:mavedb:00000115-a-6#419,NA,NA,p.Ile24Ala,NA,NA
urn:mavedb:00000115-a-6#420,NA,NA,p.Ile24Cys,0.13460375,0.034736034
urn:mavedb:00000115-a-6#421,NA,NA,p.Ile24Asp,0.65587693,0.055706296
urn:mavedb:00000115-a-6#422,NA,NA,p.Ile24Glu,0.4472827,0.08116309
urn:mavedb:00000115-a-6#423,NA,NA,p.Ile24Phe,-0.21469225,0.032809053
urn:mavedb:00000115-a-6#424,NA,NA,p.Ile24Gly,-0.30383927,0.06331674
urn:mavedb:00000115-a-6#425,NA,NA,p.Ile24His,0.024549041,0.08958012
urn:mavedb:00000115-a-6#426,NA,NA,p.Ile24Lys,-0.109259196,0.08395386
urn:mavedb:00000115-a-6#427,NA,NA,p.Ile24Leu,-0.37904045,0.06893064
urn:mavedb:00000115-a-6#428,NA,NA,p.Ile24Met,-0.2238361,0.063403435
urn:mavedb:00000115-a-6#429,NA,NA,p.Ile24Asn,-0.26516417,0.081570774
urn:mavedb:00000115-a-6#430,NA,NA,p.Ile24Pro,1.6305767,0.1707136
urn:mavedb:00000115-a-6#431,NA,NA,p.Ile24Gln,-0.091818355,0.12910122
urn:mavedb:00000115-a-6#432,NA,NA,p.Ile24Arg,0.5786728,0.035023622
urn:mavedb:00000115-a-6#433,NA,NA,p.Ile24Ser,0.0026521992,0.047305036
urn:mavedb:00000115-a-6#434,NA,NA,p.Ile24Thr,0.049091462,0.06156303
urn:mavedb:00000115-a-6#435,NA,NA,p.Ile24Val,0.14245409,0.044005677
urn:mavedb:00000115-a-6#436,NA,NA,p.Ile24Trp,0.5491366,0.03779698
urn:mavedb:00000115-a-6#437,NA,NA,p.Ile24Tyr,0.014575108,0.10836927
urn:mavedb:00000115-a-6#438,NA,NA,p.Gln25Ala,-0.4472632,0.085591994
urn:mavedb:00000115-a-6#439,NA,NA,p.Gln25Cys,-0.31682378,0.0601939
urn:mavedb:00000115-a-6#440,NA,NA,p.Gln25Asp,-0.4215595,0.16028543
urn:mavedb:00000115-a-6#441,NA,NA,p.Gln25Glu,0.6187916,0.06328788
urn:mavedb:00000115-a-6#442,NA,NA,p.Gln25Phe,0.073901065,0.22444218
urn:mavedb:00000115-a-6#443,NA,NA,p.Gln25Gly,-0.5612235,0.086759664
urn:mavedb:00000115-a-6#444,NA,NA,p.Gln25His,0.059044566,0.3198548
urn:mavedb:00000115-a-6#445,NA,NA,p.Gln25Ile,-0.80551136,0.1701262
urn:mavedb:00000115-a-6#446,NA,NA,p.Gln25Lys,0.31485477,0.18976761
urn:mavedb:00000115-a-6#447,NA,NA,p.Gln25Leu,0.040708873,0.051336236
urn:mavedb:00000115-a-6#448,NA,NA,p.Gln25Met,-0.2436784,0.2593016
urn:mavedb:00000115-a-6#449,NA,NA,p.Gln25Asn,-0.68932,0.18195128
urn:mavedb:00000115-a-6#450,NA,NA,p.Gln25Pro,1.3062437,0.12404348
urn:mavedb:00000115-a-6#451,NA,NA,p.Gln25Arg,0.11620322,0.035283525
urn:mavedb:00000115-a-6#452,NA,NA,p.Gln25Ser,-0.3611091,0.06110333
urn:mavedb:00000115-a-6#453,NA,NA,p.Gln25Thr,-0.30403513,0.11485313
urn:mavedb:00000115-a-6#454,NA,NA,p.Gln25Val,-0.33397645,0.051295377
urn:mavedb:00000115-a-6#455,NA,NA,p.Gln25Trp,-0.052624498,0.09059975
urn:mavedb:00000115-a-6#456,NA,NA,p.Gln25Tyr,-0.057342622,0.1306995
urn:mavedb:00000115-a-6#457,NA,NA,p.Asn26Ala,-0.11433148,0.12469467
urn:mavedb:00000115-a-6#458,NA,NA,p.Asn26Cys,-0.14780399,0.08898159
urn:mavedb:00000115-a-6#459,NA,NA,p.Asn26Asp,-0.037454296,0.03751994
urn:mavedb:00000115-a-6#460,NA,NA,p.Asn26Glu,-0.06325864,0.07700918
urn:mavedb:00000115-a-6#461,NA,NA,p.Asn26Phe,0.13202353,0.1895188
urn:mavedb:00000115-a-6#462,NA,NA,p.Asn26Gly,-0.13832685,0.04615131
urn:mavedb:00000115-a-6#463,NA,NA,p.Asn26His,-0.14457256,0.07687244
urn:mavedb:00000115-a-6#464,NA,NA,p.Asn26Ile,0.57961375,0.045874633
urn:mavedb:00000115-a-6#465,NA,NA,p.Asn26Lys,-0.120328136,0.043218892
urn:mavedb:00000115-a-6#466,NA,NA,p.Asn26Leu,0.24450132,0.058724817
urn:mavedb:00000115-a-6#467,NA,NA,p.Asn26Met,0.09600305,0.060508113
urn:mavedb:00000115-a-6#468,NA,NA,p.Asn26Pro,-0.0068596806,0.057169486
urn:mavedb:00000115-a-6#469,NA,NA,p.Asn26Gln,-0.11906757,0.13234806
urn:mavedb:00000115-a-6#470,NA,NA,p.Asn26Arg,-0.14589092,0.047623713
urn:mavedb:00000115-a-6#471,NA,NA,p.Asn26Ser,-0.13541342,0.060844082
urn:mavedb:00000115-a-6#472,NA,NA,p.Asn26Thr,0.019210173,0.06458392
urn:mavedb:00000115-a-6#473,NA,NA,p.Asn26Val,0.26612505,0.08769279
urn:mavedb:00000115-a-6#474,NA,NA,p.Asn26Trp,-0.049373653,0.06432461
urn:mavedb:00000115-a-6#475,NA,NA,p.Asn26Tyr,0.18869525,0.07641988
urn:mavedb:00000115-a-6#476,NA,NA,p.His27Ala,-0.1826572,0.05371823
urn:mavedb:00000115-a-6#477,NA,NA,p.His27Cys,-0.28289098,0.08898971
urn:mavedb:00000115-a-6#478,NA,NA,p.His27Asp,-0.3198583,0.066775285
urn:mavedb:00000115-a-6#479,NA,NA,p.His27Glu,-0.15398525,0.030696591
urn:mavedb:00000115-a-6#480,NA,NA,p.His27Phe,-0.49046183,0.09201046
urn:mavedb:00000115-a-6#481,NA,NA,p.His27Gly,-0.14848688,0.059350125
urn:mavedb:00000115-a-6#482,NA,NA,p.His27Ile,-0.2640075,0.076437935
urn:mavedb:00000115-a-6#483,NA,NA,p.His27Lys,-0.11199759,0.095946416
urn:mavedb:00000115-a-6#484,NA,NA,p.His27Leu,-0.43291283,0.047466617
urn:mavedb:00000115-a-6#485,NA,NA,p.His27Met,-0.7948964,0.13405687
urn:mavedb:00000115-a-6#486,NA,NA,p.His27Asn,-0.051440522,0.08444972
urn:mavedb:00000115-a-6#487,NA,NA,p.His27Pro,1.0800648,0.0796681
urn:mavedb:00000115-a-6#488,NA,NA,p.His27Gln,-0.28805047,0.08627813
urn:mavedb:00000115-a-6#489,NA,NA,p.His27Arg,0.39034414,0.030878816
urn:mavedb:00000115-a-6#490,NA,NA,p.His27Ser,-0.14253557,0.035309315
urn:mavedb:00000115-a-6#491,NA,NA,p.His27Thr,-0.11942281,0.050880983
urn:mavedb:00000115-a-6#492,NA,NA,p.His27Val,-0.076524295,0.06540096
urn:mavedb:00000115-a-6#493,NA,NA,p.His27Trp,-0.3810902,0.072475955
urn:mavedb:00000115-a-6#494,NA,NA,p.His27Tyr,-0.35460004,0.06812452
urn:mavedb:00000115-a-6#495,NA,NA,p.Phe28Ala,0.85920274,0.029409174
urn:mavedb:00000115-a-6#496,NA,NA,p.Phe28Cys,0.54697776,0.03985499
urn:mavedb:00000115-a-6#497,NA,NA,p.Phe28Asp,1.5460296,0.065869
urn:mavedb:00000115-a-6#498,NA,NA,p.Phe28Glu,1.278685,0.055790596
urn:mavedb:00000115-a-6#499,NA,NA,p.Phe28Gly,1.4465437,0.03645142
urn:mavedb:00000115-a-6#500,NA,NA,p.Phe28His,0.5726359,0.062234305
urn:mavedb:00000115-a-6#501,NA,NA,p.Phe28Ile,0.59847414,0.026371181
urn:mavedb:00000115-a-6#502,NA,NA,p.Phe28Lys,1.2547796,0.10392859
urn:mavedb:00000115-a-6#503,NA,NA,p.Phe28Leu,0.6155709,0.023727896
urn:mavedb:00000115-a-6#504,NA,NA,p.Phe28Met,0.21904986,0.09064643
urn:mavedb:00000115-a-6#505,NA,NA,p.Phe28Asn,1.3153621,0.09967113
urn:mavedb:00000115-a-6#506,NA,NA,p.Phe28Pro,1.0158464,0.08167879
urn:mavedb:00000115-a-6#507,NA,NA,p.Phe28Gln,0.9383786,0.06985994
urn:mavedb:00000115-a-6#508,NA,NA,p.Phe28Arg,0.9437097,0.036699705
urn:mavedb:00000115-a-6#509,NA,NA,p.Phe28Ser,0.9925797,0.04844032
urn:mavedb:00000115-a-6#510,NA,NA,p.Phe28Thr,0.81357956,0.03972006
urn:mavedb:00000115-a-6#511,NA,NA,p.Phe28Val,0.63848466,0.030935569
urn:mavedb:00000115-a-6#512,NA,NA,p.Phe28Trp,-0.045611937,0.058714125
urn:mavedb:00000115-a-6#513,NA,NA,p.Phe28Tyr,0.027303584,0.027523626
urn:mavedb:00000115-a-6#514,NA,NA,p.Val29Ala,0.14600751,0.010078112
urn:mavedb:00000115-a-6#515,NA,NA,p.Val29Cys,-0.047037113,0.028586796
urn:mavedb:00000115-a-6#516,NA,NA,p.Val29Asp,-0.124471,0.017388554
urn:mavedb:00000115-a-6#517,NA,NA,p.Val29Glu,-0.10889721,0.049823035
urn:mavedb:00000115-a-6#518,NA,NA,p.Val29Phe,-0.123156376,0.02087103
urn:mavedb:00000115-a-6#519,NA,NA,p.Val29Gly,0.33766028,0.011690736
urn:mavedb:00000115-a-6#520,NA,NA,p.Val29His,0.0927692,0.078893915
urn:mavedb:00000115-a-6#521,NA,NA,p.Val29Ile,1.5750653e-05,0.05179641
urn:mavedb:00000115-a-6#522,NA,NA,p.Val29Lys,0.83738893,0.02618371
urn:mavedb:00000115-a-6#523,NA,NA,p.Val29Leu,0.023177018,0.013567646
urn:mavedb:00000115-a-6#524,NA,NA,p.Val29Met,-0.06469973,0.04646644
urn:mavedb:00000115-a-6#525,NA,NA,p.Val29Asn,0.16431895,0.08967829
urn:mavedb:00000115-a-6#526,NA,NA,p.Val29Pro,-0.021548392,0.058099426
urn:mavedb:00000115-a-6#527,NA,NA,p.Val29Gln,0.14477198,0.032371495
urn:mavedb:00000115-a-6#528,NA,NA,p.Val29Arg,0.5408929,0.02002191
urn:mavedb:00000115-a-6#529,NA,NA,p.Val29Ser,0.09822447,0.023697661
urn:mavedb:00000115-a-6#530,NA,NA,p.Val29Thr,0.057982318,0.036009997
urn:mavedb:00000115-a-6#531,NA,NA,p.Val29Trp,-0.17653099,0.047301214
urn:mavedb:00000115-a-6#532,NA,NA,p.Val29Tyr,-0.23033275,0.055139083
urn:mavedb:00000115-a-6#533,NA,NA,p.Asp30Ala,-0.03414455,0.03547248
urn:mavedb:00000115-a-6#534,NA,NA,p.Asp30Cys,-0.021887386,0.042417694
urn:mavedb:00000115-a-6#535,NA,NA,p.Asp30Glu,-0.0925722,0.05064522
urn:mavedb:00000115-a-6#536,NA,NA,p.Asp30Phe,0.04485683,0.08276498
urn:mavedb:00000115-a-6#537,NA,NA,p.Asp30Gly,0.023733621,0.021817794
urn:mavedb:00000115-a-6#538,NA,NA,p.Asp30His,-0.20449746,0.18020383
urn:mavedb:00000115-a-6#539,NA,NA,p.Asp30Ile,0.10199882,0.03928494
urn:mavedb:00000115-a-6#540,NA,NA,p.Asp30Lys,-0.048518248,0.06103142
urn:mavedb:00000115-a-6#541,NA,NA,p.Asp30Leu,-0.035256583,0.048679
urn:mavedb:00000115-a-6#542,NA,NA,p.Asp30Met,-0.04055095,0.056501597
urn:mavedb:00000115-a-6#543,NA,NA,p.Asp30Asn,-0.07390479,0.08649471
urn:mavedb:00000115-a-6#544,NA,NA,p.Asp30Pro,0.014506269,0.054817162
urn:mavedb:00000115-a-6#545,NA,NA,p.Asp30Gln,-0.017198628,0.12718159
urn:mavedb:00000115-a-6#546,NA,NA,p.Asp30Arg,-0.018440846,0.03036878
urn:mavedb:00000115-a-6#547,NA,NA,p.Asp30Ser,-0.10109271,0.049211755
urn:mavedb:00000115-a-6#548,NA,NA,p.Asp30Thr,-0.14779179,0.0805286
urn:mavedb:00000115-a-6#549,NA,NA,p.Asp30Val,0.022464745,0.025293017
urn:mavedb:00000115-a-6#550,NA,NA,p.Asp30Trp,0.08963421,0.046198
urn:mavedb:00000115-a-6#551,NA,NA,p.Asp30Tyr,0.1325474,0.06351043
urn:mavedb:00000115-a-6#552,NA,NA,p.Glu31Ala,0.12728591,0.030252025
urn:mavedb:00000115-a-6#553,NA,NA,p.Glu31Cys,0.118270054,0.182063
urn:mavedb:00000115-a-6#554,NA,NA,p.Glu31Asp,-0.020198608,0.053009216
urn:mavedb:00000115-a-6#555,NA,NA,p.Glu31Phe,0.30924338,0.060036596
urn:mavedb:00000115-a-6#556,NA,NA,p.Glu31Gly,0.3571339,0.037978876
urn:mavedb:00000115-a-6#557,NA,NA,p.Glu31His,0.29888916,0.09425196
urn:mavedb:00000115-a-6#558,NA,NA,p.Glu31Ile,0.31489483,0.05143495
urn:mavedb:00000115-a-6#559,NA,NA,p.Glu31Lys,0.5125377,0.042823795
urn:mavedb:00000115-a-6#560,NA,NA,p.Glu31Leu,0.09692872,0.057675693
urn:mavedb:00000115-a-6#561,NA,NA,p.Glu31Met,-0.01503421,0.1385433
urn:mavedb:00000115-a-6#562,NA,NA,p.Glu31Asn,0.27774176,0.12628862
urn:mavedb:00000115-a-6#563,NA,NA,p.Glu31Pro,0.35274988,0.15979856
urn:mavedb:00000115-a-6#564,NA,NA,p.Glu31Gln,0.068001606,0.074120685
urn:mavedb:00000115-a-6#565,NA,NA,p.Glu31Arg,0.56511,0.047812585
urn:mavedb:00000115-a-6#566,NA,NA,p.Glu31Ser,0.2264365,0.028469237
urn:mavedb:00000115-a-6#567,NA,NA,p.Glu31Thr,0.09901336,0.048029955
urn:mavedb:00000115-a-6#568,NA,NA,p.Glu31Val,0.13794667,0.01701745
urn:mavedb:00000115-a-6#569,NA,NA,p.Glu31Trp,0.3197759,0.06713673
urn:mavedb:00000115-a-6#570,NA,NA,p.Glu31Tyr,0.12619124,0.088773765
urn:mavedb:00000115-a-6#571,NA,NA,p.Tyr32Ala,0.6145335,0.043060955
urn:mavedb:00000115-a-6#572,NA,NA,p.Tyr32Cys,0.49570572,0.045734193
urn:mavedb:00000115-a-6#573,NA,NA,p.Tyr32Asp,0.9345122,0.09105174
urn:mavedb:00000115-a-6#574,NA,NA,p.Tyr32Glu,0.6184585,0.035499938
urn:mavedb:00000115-a-6#575,NA,NA,p.Tyr32Phe,0.32623208,0.025229856
urn:mavedb:00000115-a-6#576,NA,NA,p.Tyr32Gly,1.1950994,0.031456526
urn:mavedb:00000115-a-6#577,NA,NA,p.Tyr32His,0.08920444,0.09759884
urn:mavedb:00000115-a-6#578,NA,NA,p.Tyr32Ile,0.19406436,0.058410842
urn:mavedb:00000115-a-6#579,NA,NA,p.Tyr32Lys,1.1770396,0.08757095
urn:mavedb:00000115-a-6#580,NA,NA,p.Tyr32Leu,0.040235166,0.03946826
urn:mavedb:00000115-a-6#581,NA,NA,p.Tyr32Met,-0.12992159,0.06303134
urn:mavedb:00000115-a-6#582,NA,NA,p.Tyr32Asn,0.6351771,0.06605014
urn:mavedb:00000115-a-6#583,NA,NA,p.Tyr32Pro,0.5804938,0.042794704
urn:mavedb:00000115-a-6#584,NA,NA,p.Tyr32Gln,0.5778923,0.03103925
urn:mavedb:00000115-a-6#585,NA,NA,p.Tyr32Arg,1.1088495,0.03527536
urn:mavedb:00000115-a-6#586,NA,NA,p.Tyr32Ser,0.7099072,0.033401873
urn:mavedb:00000115-a-6#587,NA,NA,p.Tyr32Thr,0.61931264,0.041597378
urn:mavedb:00000115-a-6#588,NA,NA,p.Tyr32Val,0.5184284,0.055733394
urn:mavedb:00000115-a-6#589,NA,NA,p.Tyr32Trp,-0.045652706,0.07316822
urn:mavedb:00000115-a-6#590,NA,NA,p.Asp33Ala,0.43115893,0.026896155
urn:mavedb:00000115-a-6#591,NA,NA,p.Asp33Cys,0.38180867,0.022791054
urn:mavedb:00000115-a-6#592,NA,NA,p.Asp33Glu,0.08516663,0.032553244
urn:mavedb:00000115-a-6#593,NA,NA,p.Asp33Phe,0.6447882,0.05102934
urn:mavedb:00000115-a-6#594,NA,NA,p.Asp33Gly,0.6775183,0.022620434
urn:mavedb:00000115-a-6#595,NA,NA,p.Asp33His,0.6132444,0.06397526
urn:mavedb:00000115-a-6#596,NA,NA,p.Asp33Ile,0.5478632,0.024221372
urn:mavedb:00000115-a-6#597,NA,NA,p.Asp33Lys,1.7590245,0.145116
urn:mavedb:00000115-a-6#598,NA,NA,p.Asp33Leu,0.58914137,0.02855213
urn:mavedb:00000115-a-6#599,NA,NA,p.Asp33Met,0.53610396,0.024466088
urn:mavedb:00000115-a-6#600,NA,NA,p.Asp33Asn,0.4247075,0.015510536
urn:mavedb:00000115-a-6#601,NA,NA,p.Asp33Pro,1.2292753,0.050199613
urn:mavedb:00000115-a-6#602,NA,NA,p.Asp33Gln,0.44463137,0.0416379
urn:mavedb:00000115-a-6#603,NA,NA,p.Asp33Arg,1.1705892,0.021611294
urn:mavedb:00000115-a-6#604,NA,NA,p.Asp33Ser,0.44992486,0.02852137
urn:mavedb:00000115-a-6#605,NA,NA,p.Asp33Thr,0.43666154,0.03493244
urn:mavedb:00000115-a-6#606,NA,NA,p.Asp33Val,0.49656343,0.017457526
urn:mavedb:00000115-a-6#607,NA,NA,p.Asp33Trp,0.54416585,0.0409481
urn:mavedb:00000115-a-6#608,NA,NA,p.Asp33Tyr,0.5877199,0.020946644
urn:mavedb:00000115-a-6#609,NA,NA,p.Pro34Ala,0.0771299,0.043718435
urn:mavedb:00000115-a-6#610,NA,NA,p.Pro34Cys,0.5646632,0.0908862
urn:mavedb:00000115-a-6#611,NA,NA,p.Pro34Asp,1.4347448,0.08548485
urn:mavedb:00000115-a-6#612,NA,NA,p.Pro34Glu,0.51566374,0.05075847
urn:mavedb:00000115-a-6#613,NA,NA,p.Pro34Phe,0.5206265,0.08701246
urn:mavedb:00000115-a-6#614,NA,NA,p.Pro34Gly,0.8628744,0.042313445
urn:mavedb:00000115-a-6#615,NA,NA,p.Pro34His,0.4856209,0.12813008
urn:mavedb:00000115-a-6#616,NA,NA,p.Pro34Ile,0.45061383,0.10063866
urn:mavedb:00000115-a-6#617,NA,NA,p.Pro34Lys,0.18643343,0.09694543
urn:mavedb:00000115-a-6#618,NA,NA,p.Pro34Leu,0.6978247,0.05159111
urn:mavedb:00000115-a-6#619,NA,NA,p.Pro34Met,0.2697244,0.082556605
urn:mavedb:00000115-a-6#620,NA,NA,p.Pro34Asn,1.0362186,0.07233638
urn:mavedb:00000115-a-6#621,NA,NA,p.Pro34Gln,0.39122114,0.089645535
urn:mavedb:00000115-a-6#622,NA,NA,p.Pro34Arg,0.41567364,0.090854414
urn:mavedb:00000115-a-6#623,NA,NA,p.Pro34Ser,0.4735193,0.04680739
urn:mavedb:00000115-a-6#624,NA,NA,p.Pro34Thr,0.14860567,0.051960535
urn:mavedb:00000115-a-6#625,NA,NA,p.Pro34Val,0.5298413,0.076899126
urn:mavedb:00000115-a-6#626,NA,NA,p.Pro34Trp,0.8440679,0.060873877
urn:mavedb:00000115-a-6#627,NA,NA,p.Pro34Tyr,0.4244434,0.04545562
urn:mavedb:00000115-a-6#628,NA,NA,p.Thr35Ala,2.1706624,0.31539124
urn:mavedb:00000115-a-6#629,NA,NA,p.Thr35Cys,2.4921784,0.22364731
urn:mavedb:00000115-a-6#630,NA,NA,p.Thr35Asp,2.195443,0.37955496
urn:mavedb:00000115-a-6#631,NA,NA,p.Thr35Glu,2.0184,0.3910194
urn:mavedb:00000115-a-6#632,NA,NA,p.Thr35Phe,2.2799609,0.13716456
urn:mavedb:00000115-a-6#633,NA,NA,p.Thr35Gly,1.8659985,0.20081595
urn:mavedb:00000115-a-6#634,NA,NA,p.Thr35His,1.5081977,0.43051973
urn:mavedb:00000115-a-6#635,NA,NA,p.Thr35Ile,1.4232008,0.23645708
urn:mavedb:00000115-a-6#636,NA,NA,p.Thr35Lys,1.9367331,0.3550877
urn:mavedb:00000115-a-6#637,NA,NA,p.Thr35Leu,1.6759768,0.3480134
urn:mavedb:00000115-a-6#638,NA,NA,p.Thr35Met,1.7996147,0.31495684
urn:mavedb:00000115-a-6#639,NA,NA,p.Thr35Asn,1.8846892,0.21687312
urn:mavedb:00000115-a-6#640,NA,NA,p.Thr35Pro,1.7453539,0.25694105
urn:mavedb:00000115-a-6#641,NA,NA,p.Thr35Gln,1.8039709,0.25994113
urn:mavedb:00000115-a-6#642,NA,NA,p.Thr35Arg,2.4584515,0.23737362
urn:mavedb:00000115-a-6#643,NA,NA,p.Thr35Ser,1.0285685,0.01866369
urn:mavedb:00000115-a-6#644,NA,NA,p.Thr35Val,2.3304706,0.15740009
urn:mavedb:00000115-a-6#645,NA,NA,p.Thr35Trp,2.245146,0.23131141
urn:mavedb:00000115-a-6#646,NA,NA,p.Thr35Tyr,1.860461,0.3620823
urn:mavedb:00000115-a-6#647,NA,NA,p.Ile36Ala,0.88708204,0.064040035
urn:mavedb:00000115-a-6#648,NA,NA,p.Ile36Cys,0.4724726,0.04420222
urn:mavedb:00000115-a-6#649,NA,NA,p.Ile36Asp,2.3196132,0.3218273
urn:mavedb:00000115-a-6#650,NA,NA,p.Ile36Glu,1.4158134,0.10839441
urn:mavedb:00000115-a-6#651,NA,NA,p.Ile36Phe,-0.053264216,0.17028308
urn:mavedb:00000115-a-6#652,NA,NA,p.Ile36Gly,2.2402713,0.20361517
urn:mavedb:00000115-a-6#653,NA,NA,p.Ile36His,0.53112453,0.050439864
urn:mavedb:00000115-a-6#654,NA,NA,p.Ile36Lys,1.4737927,0.16521628
urn:mavedb:00000115-a-6#655,NA,NA,p.Ile36Leu,0.13873515,0.053841278
urn:mavedb:00000115-a-6#656,NA,NA,p.Ile36Met,0.33903173,0.06451894
urn:mavedb:00000115-a-6#657,NA,NA,p.Ile36Asn,0.5850574,0.08480916
urn:mavedb:00000115-a-6#658,NA,NA,p.Ile36Pro,2.4346805,0.3435753
urn:mavedb:00000115-a-6#659,NA,NA,p.Ile36Gln,1.0613207,0.0977045
urn:mavedb:00000115-a-6#660,NA,NA,p.Ile36Arg,0.84442246,0.02485007
urn:mavedb:00000115-a-6#661,NA,NA,p.Ile36Ser,1.2661109,0.069534115
urn:mavedb:00000115-a-6#662,NA,NA,p.Ile36Thr,0.87666535,0.031902082
urn:mavedb:00000115-a-6#663,NA,NA,p.Ile36Val,0.064245544,0.027774889
urn:mavedb:00000115-a-6#664,NA,NA,p.Ile36Trp,0.24185982,0.05508663
urn:mavedb:00000115-a-6#665,NA,NA,p.Ile36Tyr,-0.044920653,0.047697313
urn:mavedb:00000115-a-6#666,NA,NA,p.Glu37Ala,0.9836439,0.043016095
urn:mavedb:00000115-a-6#667,NA,NA,p.Glu37Cys,1.0858923,0.06386411
urn:mavedb:00000115-a-6#668,NA,NA,p.Glu37Asp,-0.18870366,0.049271382
urn:mavedb:00000115-a-6#669,NA,NA,p.Glu37Phe,0.31061062,0.106491655
urn:mavedb:00000115-a-6#670,NA,NA,p.Glu37Gly,1.7939122,0.03367024
urn:mavedb:00000115-a-6#671,NA,NA,p.Glu37His,0.18864298,0.08014433
urn:mavedb:00000115-a-6#672,NA,NA,p.Glu37Ile,0.79912174,0.17081362
urn:mavedb:00000115-a-6#673,NA,NA,p.Glu37Lys,0.9593361,0.25680706
urn:mavedb:00000115-a-6#674,NA,NA,p.Glu37Leu,0.5768386,0.04568938
urn:mavedb:00000115-a-6#675,NA,NA,p.Glu37Met,0.65871507,0.08675855
urn:mavedb:00000115-a-6#676,NA,NA,p.Glu37Asn,1.6714962,0.097964235
urn:mavedb:00000115-a-6#677,NA,NA,p.Glu37Pro,0.521424,0.3189172
urn:mavedb:00000115-a-6#678,NA,NA,p.Glu37Gln,1.1106024,0.12215826
urn:mavedb:00000115-a-6#679,NA,NA,p.Glu37Arg,2.396084,0.18491052
urn:mavedb:00000115-a-6#680,NA,NA,p.Glu37Ser,0.7402294,0.049763937
urn:mavedb:00000115-a-6#681,NA,NA,p.Glu37Thr,1.3321182,0.1334443
urn:mavedb:00000115-a-6#682,NA,NA,p.Glu37Val,0.68370855,0.06992899
urn:mavedb:00000115-a-6#683,NA,NA,p.Glu37Trp,0.8941927,0.119679116
urn:mavedb:00000115-a-6#684,NA,NA,p.Glu37Tyr,-0.53673905,0.09166958
urn:mavedb:00000115-a-6#685,NA,NA,p.Asp38Ala,2.080001,0.26238117
urn:mavedb:00000115-a-6#686,NA,NA,p.Asp38Cys,2.377915,0.06435666
urn:mavedb:00000115-a-6#687,NA,NA,p.Asp38Glu,1.2472905,0.06637741
urn:mavedb:00000115-a-6#688,NA,NA,p.Asp38Phe,2.4174097,0.31442523
urn:mavedb:00000115-a-6#689,NA,NA,p.Asp38Gly,1.8552889,0.11312339
urn:mavedb:00000115-a-6#690,NA,NA,p.Asp38His,1.9071232,0.30239028
urn:mavedb:00000115-a-6#691,NA,NA,p.Asp38Ile,2.0907555,0.40496936
urn:mavedb:00000115-a-6#692,NA,NA,p.Asp38Lys,1.5971115,0.44340235
urn:mavedb:00000115-a-6#693,NA,NA,p.Asp38Leu,2.546868,0.3576492
urn:mavedb:00000115-a-6#694,NA,NA,p.Asp38Met,2.5229726,0.2308559
urn:mavedb:00000115-a-6#695,NA,NA,p.Asp38Asn,1.4032713,0.104472294
urn:mavedb:00000115-a-6#696,NA,NA,p.Asp38Pro,1.2748392,0.4053818
urn:mavedb:00000115-a-6#697,NA,NA,p.Asp38Gln,1.6826476,0.37494186
urn:mavedb:00000115-a-6#698,NA,NA,p.Asp38Arg,2.5680897,0.36586964
urn:mavedb:00000115-a-6#699,NA,NA,p.Asp38Ser,2.0420763,0.12884407
urn:mavedb:00000115-a-6#700,NA,NA,p.Asp38Thr,2.199471,0.24457495
urn:mavedb:00000115-a-6#701,NA,NA,p.Asp38Val,1.5338649,0.13842721
urn:mavedb:00000115-a-6#702,NA,NA,p.Asp38Trp,2.262916,0.15968643
urn:mavedb:00000115-a-6#703,NA,NA,p.Asp38Tyr,1.5349424,0.1718642
urn:mavedb:00000115-a-6#704,NA,NA,p.Ser39Ala,0.19452704,0.04389039
urn:mavedb:00000115-a-6#705,NA,NA,p.Ser39Cys,0.0010972006,0.043155473
urn:mavedb:00000115-a-6#706,NA,NA,p.Ser39Asp,0.5225101,0.05663672
urn:mavedb:00000115-a-6#707,NA,NA,p.Ser39Glu,0.38548654,0.03814706
urn:mavedb:00000115-a-6#708,NA,NA,p.Ser39Phe,0.5674953,0.041160073
urn:mavedb:00000115-a-6#709,NA,NA,p.Ser39Gly,0.15649202,0.023553917
urn:mavedb:00000115-a-6#710,NA,NA,p.Ser39His,1.1183852,0.05605179
urn:mavedb:00000115-a-6#711,NA,NA,p.Ser39Ile,-0.02770621,0.027371008
urn:mavedb:00000115-a-6#712,NA,NA,p.Ser39Lys,0.23050076,0.048558164
urn:mavedb:00000115-a-6#713,NA,NA,p.Ser39Leu,-0.18800712,0.05415646
urn:mavedb:00000115-a-6#714,NA,NA,p.Ser39Met,0.37229213,0.063583985
urn:mavedb:00000115-a-6#715,NA,NA,p.Ser39Asn,0.3663169,0.06684495
urn:mavedb:00000115-a-6#716,NA,NA,p.Ser39Pro,2.5830057,0.22651383
urn:mavedb:00000115-a-6#717,NA,NA,p.Ser39Gln,0.012347555,0.07593879
urn:mavedb:00000115-a-6#718,NA,NA,p.Ser39Arg,0.53465956,0.018306887
urn:mavedb:00000115-a-6#719,NA,NA,p.Ser39Thr,-0.30459926,0.044217166
urn:mavedb:00000115-a-6#720,NA,NA,p.Ser39Val,-0.33285874,0.020509636
urn:mavedb:00000115-a-6#721,NA,NA,p.Ser39Trp,0.68839175,0.03185776
urn:mavedb:00000115-a-6#722,NA,NA,p.Ser39Tyr,0.5768166,0.0282473
urn:mavedb:00000115-a-6#723,NA,NA,p.Tyr40Ala,2.3213716,0.06412495
urn:mavedb:00000115-a-6#724,NA,NA,p.Tyr40Cys,2.5284085,0.20516257
urn:mavedb:00000115-a-6#725,NA,NA,p.Tyr40Asp,2.8718874,0.20538813
urn:mavedb:00000115-a-6#726,NA,NA,p.Tyr40Glu,3.0150158,0.23921005
urn:mavedb:00000115-a-6#727,NA,NA,p.Tyr40Phe,0.07527146,0.046873078
urn:mavedb:00000115-a-6#728,NA,NA,p.Tyr40Gly,3.1277473,0.24119999
urn:mavedb:00000115-a-6#729,NA,NA,p.Tyr40His,1.3520979,0.082088836
urn:mavedb:00000115-a-6#730,NA,NA,p.Tyr40Ile,1.406749,0.037371583
urn:mavedb:00000115-a-6#731,NA,NA,p.Tyr40Lys,2.897688,0.22778028
urn:mavedb:00000115-a-6#732,NA,NA,p.Tyr40Leu,1.789235,0.054354277
urn:mavedb:00000115-a-6#733,NA,NA,p.Tyr40Met,1.4664743,0.073631525
urn:mavedb:00000115-a-6#734,NA,NA,p.Tyr40Asn,2.3788805,0.21417314
urn:mavedb:00000115-a-6#735,NA,NA,p.Tyr40Pro,2.7467642,0.23620279
urn:mavedb:00000115-a-6#736,NA,NA,p.Tyr40Gln,2.6086688,0.28029567
urn:mavedb:00000115-a-6#737,NA,NA,p.Tyr40Arg,3.1614442,0.29868728
urn:mavedb:00000115-a-6#738,NA,NA,p.Tyr40Ser,2.7800262,0.1844795
urn:mavedb:00000115-a-6#739,NA,NA,p.Tyr40Thr,2.7693684,0.1504095
urn:mavedb:00000115-a-6#740,NA,NA,p.Tyr40Val,1.7391229,0.060313176
urn:mavedb:00000115-a-6#741,NA,NA,p.Tyr40Trp,0.46927762,0.024382621
urn:mavedb:00000115-a-6#742,NA,NA,p.Arg41Ala,0.15613078,0.030750668
urn:mavedb:00000115-a-6#743,NA,NA,p.Arg41Cys,0.12672403,0.045693465
urn:mavedb:00000115-a-6#744,NA,NA,p.Arg41Asp,1.1897461,0.03691554
urn:mavedb:00000115-a-6#745,NA,NA,p.Arg41Glu,0.8590123,0.028377479
urn:mavedb:00000115-a-6#746,NA,NA,p.Arg41Phe,0.36308852,0.03753633
urn:mavedb:00000115-a-6#747,NA,NA,p.Arg41Gly,0.36001405,0.019828362
urn:mavedb:00000115-a-6#748,NA,NA,p.Arg41His,0.40399233,0.036688656
urn:mavedb:00000115-a-6#749,NA,NA,p.Arg41Ile,0.15933865,0.03063825
urn:mavedb:00000115-a-6#750,NA,NA,p.Arg41Lys,0.25041682,0.04138493
urn:mavedb:00000115-a-6#751,NA,NA,p.Arg41Leu,0.3577889,0.024968179
urn:mavedb:00000115-a-6#752,NA,NA,p.Arg41Met,0.18341322,0.049562804
urn:mavedb:00000115-a-6#753,NA,NA,p.Arg41Asn,0.23657283,0.04395419
urn:mavedb:00000115-a-6#754,NA,NA,p.Arg41Pro,1.5987383,0.07100313
urn:mavedb:00000115-a-6#755,NA,NA,p.Arg41Gln,0.5387793,0.028664196
urn:mavedb:00000115-a-6#756,NA,NA,p.Arg41Ser,0.29460385,0.011841446
urn:mavedb:00000115-a-6#757,NA,NA,p.Arg41Thr,-0.002842734,0.030887267
urn:mavedb:00000115-a-6#758,NA,NA,p.Arg41Val,-0.0050866995,0.024936711
urn:mavedb:00000115-a-6#759,NA,NA,p.Arg41Trp,0.49876502,0.05619817
urn:mavedb:00000115-a-6#760,NA,NA,p.Arg41Tyr,0.39880285,0.028736921
urn:mavedb:00000115-a-6#761,NA,NA,p.Lys42Ala,0.08884096,0.027515035
urn:mavedb:00000115-a-6#762,NA,NA,p.Lys42Cys,0.026804013,0.039663773
urn:mavedb:00000115-a-6#763,NA,NA,p.Lys42Asp,0.12565216,0.049279172
urn:mavedb:00000115-a-6#764,NA,NA,p.Lys42Glu,0.08411335,0.042886358
urn:mavedb:00000115-a-6#765,NA,NA,p.Lys42Phe,0.09197401,0.056735564
urn:mavedb:00000115-a-6#766,NA,NA,p.Lys42Gly,0.26431608,0.04133798
urn:mavedb:00000115-a-6#767,NA,NA,p.Lys42His,-0.117252626,0.042192735
urn:mavedb:00000115-a-6#768,NA,NA,p.Lys42Ile,-0.053899664,0.043566316
urn:mavedb:00000115-a-6#769,NA,NA,p.Lys42Leu,0.13678327,0.017368441
urn:mavedb:00000115-a-6#770,NA,NA,p.Lys42Met,0.033160955,0.056124274
urn:mavedb:00000115-a-6#771,NA,NA,p.Lys42Asn,-0.1483959,0.036227703
urn:mavedb:00000115-a-6#772,NA,NA,p.Lys42Pro,0.0901217,0.06202752
urn:mavedb:00000115-a-6#773,NA,NA,p.Lys42Gln,0.011101414,0.044082537
urn:mavedb:00000115-a-6#774,NA,NA,p.Lys42Arg,-0.06469911,0.032321204
urn:mavedb:00000115-a-6#775,NA,NA,p.Lys42Ser,0.00622758,0.028977223
urn:mavedb:00000115-a-6#776,NA,NA,p.Lys42Thr,-0.06155009,0.032539286
urn:mavedb:00000115-a-6#777,NA,NA,p.Lys42Val,-0.024360793,0.032405227
urn:mavedb:00000115-a-6#778,NA,NA,p.Lys42Trp,0.16719174,0.047778733
urn:mavedb:00000115-a-6#779,NA,NA,p.Lys42Tyr,0.06198024,0.04377156
urn:mavedb:00000115-a-6#780,NA,NA,p.Gln43Ala,-0.033632074,0.028918123
urn:mavedb:00000115-a-6#781,NA,NA,p.Gln43Cys,0.10669203,0.044139437
urn:mavedb:00000115-a-6#782,NA,NA,p.Gln43Asp,-0.09335666,0.05444562
urn:mavedb:00000115-a-6#783,NA,NA,p.Gln43Glu,-0.10344389,0.060601495
urn:mavedb:00000115-a-6#784,NA,NA,p.Gln43Phe,0.10176689,0.03138519
urn:mavedb:00000115-a-6#785,NA,NA,p.Gln43Gly,-0.058505036,0.04352045
urn:mavedb:00000115-a-6#786,NA,NA,p.Gln43His,0.06391031,0.043717664
urn:mavedb:00000115-a-6#787,NA,NA,p.Gln43Ile,0.19936036,0.04111304
urn:mavedb:00000115-a-6#788,NA,NA,p.Gln43Lys,-0.07614039,0.11055849
urn:mavedb:00000115-a-6#789,NA,NA,p.Gln43Leu,0.11909804,0.058851253
urn:mavedb:00000115-a-6#790,NA,NA,p.Gln43Met,-0.14000921,0.063537404
urn:mavedb:00000115-a-6#791,NA,NA,p.Gln43Asn,-0.06286719,0.09608185
urn:mavedb:00000115-a-6#792,NA,NA,p.Gln43Pro,-0.08133186,0.069397114
urn:mavedb:00000115-a-6#793,NA,NA,p.Gln43Arg,-0.08231706,0.0327485
urn:mavedb:00000115-a-6#794,NA,NA,p.Gln43Ser,-0.13987808,0.047681656
urn:mavedb:00000115-a-6#795,NA,NA,p.Gln43Thr,-0.12776488,0.028730324
urn:mavedb:00000115-a-6#796,NA,NA,p.Gln43Val,0.03425858,0.061720055
urn:mavedb:00000115-a-6#797,NA,NA,p.Gln43Trp,0.41350353,0.049466584
urn:mavedb:00000115-a-6#798,NA,NA,p.Gln43Tyr,0.24175061,0.04804929
urn:mavedb:00000115-a-6#799,NA,NA,p.Val44Ala,-0.0037212372,0.042768408
urn:mavedb:00000115-a-6#800,NA,NA,p.Val44Cys,-0.07962027,0.07435879
urn:mavedb:00000115-a-6#801,NA,NA,p.Val44Asp,0.07064517,0.097893745
urn:mavedb:00000115-a-6#802,NA,NA,p.Val44Glu,-0.07078725,0.08958979
urn:mavedb:00000115-a-6#803,NA,NA,p.Val44Phe,-0.30254978,0.08769287
urn:mavedb:00000115-a-6#804,NA,NA,p.Val44Gly,-0.0021650377,0.05447648
urn:mavedb:00000115-a-6#805,NA,NA,p.Val44His,-0.012410269,0.20273875
urn:mavedb:00000115-a-6#806,NA,NA,p.Val44Ile,-0.29919994,0.17601067
urn:mavedb:00000115-a-6#807,NA,NA,p.Val44Lys,-0.02598991,0.15901716
urn:mavedb:00000115-a-6#808,NA,NA,p.Val44Leu,-0.22895198,0.04449425
urn:mavedb:00000115-a-6#809,NA,NA,p.Val44Met,-0.3710731,0.102999024
urn:mavedb:00000115-a-6#810,NA,NA,p.Val44Asn,-0.471255,0.120753184
urn:mavedb:00000115-a-6#811,NA,NA,p.Val44Pro,0.016506089,0.13284387
urn:mavedb:00000115-a-6#812,NA,NA,p.Val44Gln,-0.08561292,0.31861445
urn:mavedb:00000115-a-6#813,NA,NA,p.Val44Arg,-0.09857916,0.034737498
urn:mavedb:00000115-a-6#814,NA,NA,p.Val44Ser,-0.019767497,0.050978757
urn:mavedb:00000115-a-6#815,NA,NA,p.Val44Thr,0.04177017,0.13349247
urn:mavedb:00000115-a-6#816,NA,NA,p.Val44Trp,0.08108771,0.09483906
urn:mavedb:00000115-a-6#817,NA,NA,p.Val44Tyr,-0.17436473,0.11775147
urn:mavedb:00000115-a-6#818,NA,NA,p.Val45Ala,-0.06977628,0.090065666
urn:mavedb:00000115-a-6#819,NA,NA,p.Val45Cys,-0.109839045,0.0562701
urn:mavedb:00000115-a-6#820,NA,NA,p.Val45Asp,-0.1590056,0.080152065
urn:mavedb:00000115-a-6#821,NA,NA,p.Val45Glu,-0.13581952,0.08502262
urn:mavedb:00000115-a-6#822,NA,NA,p.Val45Phe,0.06852096,0.08694162
urn:mavedb:00000115-a-6#823,NA,NA,p.Val45Gly,-0.09379476,0.041708756
urn:mavedb:00000115-a-6#824,NA,NA,p.Val45His,0.07178213,0.05742466
urn:mavedb:00000115-a-6#825,NA,NA,p.Val45Ile,0.06519984,0.04597913
urn:mavedb:00000115-a-6#826,NA,NA,p.Val45Lys,-0.035750713,0.10916129
urn:mavedb:00000115-a-6#827,NA,NA,p.Val45Leu,-0.023965998,0.04442611
urn:mavedb:00000115-a-6#828,NA,NA,p.Val45Met,-0.1468175,0.05556556
urn:mavedb:00000115-a-6#829,NA,NA,p.Val45Asn,-0.17387788,0.061304983
urn:mavedb:00000115-a-6#830,NA,NA,p.Val45Pro,-0.011333901,0.05712292
urn:mavedb:00000115-a-6#831,NA,NA,p.Val45Gln,-0.3091558,0.17097348
urn:mavedb:00000115-a-6#832,NA,NA,p.Val45Arg,-0.08896734,0.024283152
urn:mavedb:00000115-a-6#833,NA,NA,p.Val45Ser,-0.09670401,0.02904938
urn:mavedb:00000115-a-6#834,NA,NA,p.Val45Thr,-0.13987134,0.09424296
urn:mavedb:00000115-a-6#835,NA,NA,p.Val45Trp,0.1392217,0.08823406
urn:mavedb:00000115-a-6#836,NA,NA,p.Val45Tyr,0.16412324,0.055680756
urn:mavedb:00000115-a-6#837,NA,NA,p.Ile46Ala,-0.0859673,0.045187324
urn:mavedb:00000115-a-6#838,NA,NA,p.Ile46Cys,-0.07867831,0.07229093
urn:mavedb:00000115-a-6#839,NA,NA,p.Ile46Asp,-0.028714154,0.1570479
urn:mavedb:00000115-a-6#840,NA,NA,p.Ile46Glu,-0.23451549,0.10535887
urn:mavedb:00000115-a-6#841,NA,NA,p.Ile46Phe,-0.034347713,0.06289717
urn:mavedb:00000115-a-6#842,NA,NA,p.Ile46Gly,-0.0660372,0.034028582
urn:mavedb:00000115-a-6#843,NA,NA,p.Ile46His,-0.005076726,0.086892195
urn:mavedb:00000115-a-6#844,NA,NA,p.Ile46Lys,0.021333933,0.1601404
urn:mavedb:00000115-a-6#845,NA,NA,p.Ile46Leu,0.025715563,0.052749485
urn:mavedb:00000115-a-6#846,NA,NA,p.Ile46Met,-0.09628901,0.07566022
urn:mavedb:00000115-a-6#847,NA,NA,p.Ile46Asn,-0.0064661438,0.057538405
urn:mavedb:00000115-a-6#848,NA,NA,p.Ile46Pro,-0.19927216,0.043549772
urn:mavedb:00000115-a-6#849,NA,NA,p.Ile46Gln,-0.62443835,0.095851004
urn:mavedb:00000115-a-6#850,NA,NA,p.Ile46Arg,-0.17783925,0.04548865
urn:mavedb:00000115-a-6#851,NA,NA,p.Ile46Ser,-0.11062881,0.04904656
urn:mavedb:00000115-a-6#852,NA,NA,p.Ile46Thr,-0.13929228,0.11251816
urn:mavedb:00000115-a-6#853,NA,NA,p.Ile46Val,-0.04948,0.026442416
urn:mavedb:00000115-a-6#854,NA,NA,p.Ile46Trp,-0.032480624,0.08794556
urn:mavedb:00000115-a-6#855,NA,NA,p.Ile46Tyr,-0.066713385,0.044137955
urn:mavedb:00000115-a-6#856,NA,NA,p.Asp47Ala,0.053496942,0.023255624
urn:mavedb:00000115-a-6#857,NA,NA,p.Asp47Cys,0.06904781,0.05780687
urn:mavedb:00000115-a-6#858,NA,NA,p.Asp47Glu,0.012943055,0.06166615
urn:mavedb:00000115-a-6#859,NA,NA,p.Asp47Phe,-0.09676242,0.15529442
urn:mavedb:00000115-a-6#860,NA,NA,p.Asp47Gly,-0.0292042,0.02492199
urn:mavedb:00000115-a-6#861,NA,NA,p.Asp47His,-0.060601562,0.07438727
urn:mavedb:00000115-a-6#862,NA,NA,p.Asp47Ile,0.69766086,0.13689435
urn:mavedb:00000115-a-6#863,NA,NA,p.Asp47Lys,-0.19849628,0.05935085
urn:mavedb:00000115-a-6#864,NA,NA,p.Asp47Leu,0.10738746,0.04104222
urn:mavedb:00000115-a-6#865,NA,NA,p.Asp47Met,0.054587983,0.1490802
urn:mavedb:00000115-a-6#866,NA,NA,p.Asp47Asn,-0.026125407,0.11413499
urn:mavedb:00000115-a-6#867,NA,NA,p.Asp47Pro,0.08887981,0.1160074
urn:mavedb:00000115-a-6#868,NA,NA,p.Asp47Gln,-0.001402718,0.09114688
urn:mavedb:00000115-a-6#869,NA,NA,p.Asp47Arg,-0.07471694,0.047521174
urn:mavedb:00000115-a-6#870,NA,NA,p.Asp47Ser,0.03572717,0.07079766
urn:mavedb:00000115-a-6#871,NA,NA,p.Asp47Thr,0.06743784,0.06447504
urn:mavedb:00000115-a-6#872,NA,NA,p.Asp47Val,0.3164572,0.062141854
urn:mavedb:00000115-a-6#873,NA,NA,p.Asp47Trp,0.28394344,0.0936224
urn:mavedb:00000115-a-6#874,NA,NA,p.Asp47Tyr,0.30822816,0.041746695
urn:mavedb:00000115-a-6#875,NA,NA,p.Gly48Ala,0.060301505,0.031955004
urn:mavedb:00000115-a-6#876,NA,NA,p.Gly48Cys,0.16224629,0.0855277
urn:mavedb:00000115-a-6#877,NA,NA,p.Gly48Asp,0.042899024,0.044265747
urn:mavedb:00000115-a-6#878,NA,NA,p.Gly48Glu,0.027722368,0.03151349
urn:mavedb:00000115-a-6#879,NA,NA,p.Gly48Phe,0.24436742,0.053102385
urn:mavedb:00000115-a-6#880,NA,NA,p.Gly48His,0.03333293,0.017754408
urn:mavedb:00000115-a-6#881,NA,NA,p.Gly48Ile,0.24686234,0.02997038
urn:mavedb:00000115-a-6#882,NA,NA,p.Gly48Lys,-0.023061862,0.022917133
urn:mavedb:00000115-a-6#883,NA,NA,p.Gly48Leu,0.16516674,0.043891367
urn:mavedb:00000115-a-6#884,NA,NA,p.Gly48Met,0.087590635,0.030506747
urn:mavedb:00000115-a-6#885,NA,NA,p.Gly48Asn,-0.005973588,0.048724357
urn:mavedb:00000115-a-6#886,NA,NA,p.Gly48Pro,0.024570113,0.06587276
urn:mavedb:00000115-a-6#887,NA,NA,p.Gly48Gln,-0.04566079,0.047963414
urn:mavedb:00000115-a-6#888,NA,NA,p.Gly48Arg,-0.014224968,0.019942354
urn:mavedb:00000115-a-6#889,NA,NA,p.Gly48Ser,-0.019489057,0.020569025
urn:mavedb:00000115-a-6#890,NA,NA,p.Gly48Thr,-0.019255701,0.026571326
urn:mavedb:00000115-a-6#891,NA,NA,p.Gly48Val,0.1097658,0.03512608
urn:mavedb:00000115-a-6#892,NA,NA,p.Gly48Trp,0.16438721,0.027998438
urn:mavedb:00000115-a-6#893,NA,NA,p.Gly48Tyr,0.072050095,0.033429693
urn:mavedb:00000115-a-6#894,NA,NA,p.Glu49Ala,-0.05266047,0.031599667
urn:mavedb:00000115-a-6#895,NA,NA,p.Glu49Cys,0.12439297,0.052747
urn:mavedb:00000115-a-6#896,NA,NA,p.Glu49Asp,-0.0072254203,0.0587285
urn:mavedb:00000115-a-6#897,NA,NA,p.Glu49Phe,0.1469444,0.15202655
urn:mavedb:00000115-a-6#898,NA,NA,p.Glu49Gly,0.027875287,0.03369078
urn:mavedb:00000115-a-6#899,NA,NA,p.Glu49His,-0.102672,0.07206093
urn:mavedb:00000115-a-6#900,NA,NA,p.Glu49Ile,0.21309389,0.11146021
urn:mavedb:00000115-a-6#901,NA,NA,p.Glu49Lys,-0.18579508,0.078865476
urn:mavedb:00000115-a-6#902,NA,NA,p.Glu49Leu,0.23140971,0.14382577
urn:mavedb:00000115-a-6#903,NA,NA,p.Glu49Met,-0.21095566,0.06926586
urn:mavedb:00000115-a-6#904,NA,NA,p.Glu49Asn,-0.14347196,0.064310364
urn:mavedb:00000115-a-6#905,NA,NA,p.Glu49Pro,-0.096874714,0.048317365
urn:mavedb:00000115-a-6#906,NA,NA,p.Glu49Gln,-0.068784416,0.0880305
urn:mavedb:00000115-a-6#907,NA,NA,p.Glu49Arg,-0.0021726256,0.04928566
urn:mavedb:00000115-a-6#908,NA,NA,p.Glu49Ser,-0.07820636,0.042047136
urn:mavedb:00000115-a-6#909,NA,NA,p.Glu49Thr,0.04923296,0.056496527
urn:mavedb:00000115-a-6#910,NA,NA,p.Glu49Val,0.019386478,0.032123677
urn:mavedb:00000115-a-6#911,NA,NA,p.Glu49Trp,0.14289835,0.041685045
urn:mavedb:00000115-a-6#912,NA,NA,p.Glu49Tyr,-0.14961241,0.1106631
urn:mavedb:00000115-a-6#913,NA,NA,p.Thr50Ala,0.0108748805,0.08247498
urn:mavedb:00000115-a-6#914,NA,NA,p.Thr50Cys,0.031677328,0.062187556
urn:mavedb:00000115-a-6#915,NA,NA,p.Thr50Asp,-0.010860463,0.059360232
urn:mavedb:00000115-a-6#916,NA,NA,p.Thr50Glu,-0.08095968,0.0987781
urn:mavedb:00000115-a-6#917,NA,NA,p.Thr50Phe,0.15152173,0.06214001
urn:mavedb:00000115-a-6#918,NA,NA,p.Thr50Gly,0.015039501,0.042245265
urn:mavedb:00000115-a-6#919,NA,NA,p.Thr50His,-0.09536037,0.097956195
urn:mavedb:00000115-a-6#920,NA,NA,p.Thr50Ile,-0.09565929,0.04864113
urn:mavedb:00000115-a-6#921,NA,NA,p.Thr50Lys,-0.15631701,0.11728992
urn:mavedb:00000115-a-6#922,NA,NA,p.Thr50Leu,-0.12423743,0.074538946
urn:mavedb:00000115-a-6#923,NA,NA,p.Thr50Met,-0.06377665,0.02201749
urn:mavedb:00000115-a-6#924,NA,NA,p.Thr50Asn,-0.1212876,0.050879776
urn:mavedb:00000115-a-6#925,NA,NA,p.Thr50Pro,-0.13445877,0.022299977
urn:mavedb:00000115-a-6#926,NA,NA,p.Thr50Gln,-0.2942697,0.10036601
urn:mavedb:00000115-a-6#927,NA,NA,p.Thr50Arg,-0.05039042,0.05915212
urn:mavedb:00000115-a-6#928,NA,NA,p.Thr50Ser,-0.05115113,0.037941217
urn:mavedb:00000115-a-6#929,NA,NA,p.Thr50Val,-0.1349297,0.04870964
urn:mavedb:00000115-a-6#930,NA,NA,p.Thr50Trp,0.20986822,0.139136
urn:mavedb:00000115-a-6#931,NA,NA,p.Thr50Tyr,-0.08121068,0.073940724
urn:mavedb:00000115-a-6#932,NA,NA,p.Cys51Ala,-0.059607305,0.08993094
urn:mavedb:00000115-a-6#933,NA,NA,p.Cys51Asp,0.13868126,0.13775787
urn:mavedb:00000115-a-6#934,NA,NA,p.Cys51Glu,-0.1261688,0.16767971
urn:mavedb:00000115-a-6#935,NA,NA,p.Cys51Phe,0.030327998,0.046763122
urn:mavedb:00000115-a-6#936,NA,NA,p.Cys51Gly,-0.018718552,0.034164306
urn:mavedb:00000115-a-6#937,NA,NA,p.Cys51His,-0.14422978,0.1447569
urn:mavedb:00000115-a-6#938,NA,NA,p.Cys51Ile,-0.06614749,0.08409933
urn:mavedb:00000115-a-6#939,NA,NA,p.Cys51Lys,0.099994466,0.1732547
urn:mavedb:00000115-a-6#940,NA,NA,p.Cys51Leu,-0.14197177,0.05714167
urn:mavedb:00000115-a-6#941,NA,NA,p.Cys51Met,-0.13138552,0.118906215
urn:mavedb:00000115-a-6#942,NA,NA,p.Cys51Asn,0.10076206,0.0869803
urn:mavedb:00000115-a-6#943,NA,NA,p.Cys51Pro,-0.15522066,0.04611642
urn:mavedb:00000115-a-6#944,NA,NA,p.Cys51Gln,-0.12244285,0.07004194
urn:mavedb:00000115-a-6#945,NA,NA,p.Cys51Arg,-0.0022502,0.04442569
urn:mavedb:00000115-a-6#946,NA,NA,p.Cys51Ser,0.02072462,0.06517635
urn:mavedb:00000115-a-6#947,NA,NA,p.Cys51Thr,0.06019571,0.0608251
urn:mavedb:00000115-a-6#948,NA,NA,p.Cys51Val,-0.17016272,0.04090239
urn:mavedb:00000115-a-6#949,NA,NA,p.Cys51Trp,-0.03565217,0.034772307
urn:mavedb:00000115-a-6#950,NA,NA,p.Cys51Tyr,-0.067973815,0.05644859
urn:mavedb:00000115-a-6#951,NA,NA,p.Leu52Ala,-0.13843803,0.0394203
urn:mavedb:00000115-a-6#952,NA,NA,p.Leu52Cys,-0.24290815,0.049928445
urn:mavedb:00000115-a-6#953,NA,NA,p.Leu52Asp,-0.4411727,0.037562244
urn:mavedb:00000115-a-6#954,NA,NA,p.Leu52Glu,-0.57911783,0.100776605
urn:mavedb:00000115-a-6#955,NA,NA,p.Leu52Phe,-0.0069925534,0.03107383
urn:mavedb:00000115-a-6#956,NA,NA,p.Leu52Gly,-0.15451263,0.054903086
urn:mavedb:00000115-a-6#957,NA,NA,p.Leu52His,-0.012888414,0.06980958
urn:mavedb:00000115-a-6#958,NA,NA,p.Leu52Ile,-0.22250006,0.026675444
urn:mavedb:00000115-a-6#959,NA,NA,p.Leu52Lys,0.14621367,0.09186851
urn:mavedb:00000115-a-6#960,NA,NA,p.Leu52Met,-0.40294415,0.07755371
urn:mavedb:00000115-a-6#961,NA,NA,p.Leu52Asn,-0.19999377,0.07236041
urn:mavedb:00000115-a-6#962,NA,NA,p.Leu52Pro,-0.11966153,0.075159095
urn:mavedb:00000115-a-6#963,NA,NA,p.Leu52Gln,-0.18366317,0.08009234
urn:mavedb:00000115-a-6#964,NA,NA,p.Leu52Arg,0.14260387,0.036685765
urn:mavedb:00000115-a-6#965,NA,NA,p.Leu52Ser,-0.1375441,0.07838933
urn:mavedb:00000115-a-6#966,NA,NA,p.Leu52Thr,-0.32332936,0.07495332
urn:mavedb:00000115-a-6#967,NA,NA,p.Leu52Val,-0.30510628,0.04948885
urn:mavedb:00000115-a-6#968,NA,NA,p.Leu52Trp,-0.24310946,0.09042455
urn:mavedb:00000115-a-6#969,NA,NA,p.Leu52Tyr,-0.10840343,0.025518613
urn:mavedb:00000115-a-6#970,NA,NA,p.Leu53Ala,0.027090712,0.061421003
urn:mavedb:00000115-a-6#971,NA,NA,p.Leu53Cys,0.07644941,0.047807522
urn:mavedb:00000115-a-6#972,NA,NA,p.Leu53Asp,1.0308881,0.17555666
urn:mavedb:00000115-a-6#973,NA,NA,p.Leu53Glu,0.33701816,0.15390408
urn:mavedb:00000115-a-6#974,NA,NA,p.Leu53Phe,-0.049206045,0.073641084
urn:mavedb:00000115-a-6#975,NA,NA,p.Leu53Gly,0.05462124,0.097088955
urn:mavedb:00000115-a-6#976,NA,NA,p.Leu53His,0.47073177,0.1620477
urn:mavedb:00000115-a-6#977,NA,NA,p.Leu53Ile,-0.028129566,0.12608296
urn:mavedb:00000115-a-6#978,NA,NA,p.Leu53Lys,0.05365581,0.20101319
urn:mavedb:00000115-a-6#979,NA,NA,p.Leu53Met,0.025930539,0.10340912
urn:mavedb:00000115-a-6#980,NA,NA,p.Leu53Asn,-0.19735415,0.1227743
urn:mavedb:00000115-a-6#981,NA,NA,p.Leu53Pro,0.10495898,0.082956694
urn:mavedb:00000115-a-6#982,NA,NA,p.Leu53Gln,0.22955701,0.09403002
urn:mavedb:00000115-a-6#983,NA,NA,p.Leu53Arg,0.49784136,0.15231977
urn:mavedb:00000115-a-6#984,NA,NA,p.Leu53Ser,0.032368403,0.023382029
urn:mavedb:00000115-a-6#985,NA,NA,p.Leu53Thr,0.10834572,0.06623195
urn:mavedb:00000115-a-6#986,NA,NA,p.Leu53Val,-0.07632649,0.07326139
urn:mavedb:00000115-a-6#987,NA,NA,p.Leu53Trp,0.2977654,0.08731912
urn:mavedb:00000115-a-6#988,NA,NA,p.Leu53Tyr,-0.06989948,0.063599944
urn:mavedb:00000115-a-6#989,NA,NA,p.Asp54Ala,0.6632522,0.070856445
urn:mavedb:00000115-a-6#990,NA,NA,p.Asp54Cys,0.77678424,0.1346977
urn:mavedb:00000115-a-6#991,NA,NA,p.Asp54Glu,0.004125691,0.05281989
urn:mavedb:00000115-a-6#992,NA,NA,p.Asp54Phe,0.76532316,0.10965165
urn:mavedb:00000115-a-6#993,NA,NA,p.Asp54Gly,0.62695813,0.02993402
urn:mavedb:00000115-a-6#994,NA,NA,p.Asp54His,0.6424288,0.090577446
urn:mavedb:00000115-a-6#995,NA,NA,p.Asp54Ile,1.1192442,0.10348856
urn:mavedb:00000115-a-6#996,NA,NA,p.Asp54Lys,0.99598426,0.08763626
urn:mavedb:00000115-a-6#997,NA,NA,p.Asp54Leu,0.728822,0.095673434
urn:mavedb:00000115-a-6#998,NA,NA,p.Asp54Met,0.4861034,0.17079681
urn:mavedb:00000115-a-6#999,NA,NA,p.Asp54Asn,0.21355025,0.087425835
urn:mavedb:00000115-a-6#1000,NA,NA,p.Asp54Pro,0.365944,0.052303508
urn:mavedb:00000115-a-6#1001,NA,NA,p.Asp54Gln,0.79666436,0.07746077
urn:mavedb:00000115-a-6#1002,NA,NA,p.Asp54Arg,0.8111971,0.028531436
urn:mavedb:00000115-a-6#1003,NA,NA,p.Asp54Ser,0.42558625,0.025470981
urn:mavedb:00000115-a-6#1004,NA,NA,p.Asp54Thr,0.64693046,0.07571452
urn:mavedb:00000115-a-6#1005,NA,NA,p.Asp54Val,0.7423195,0.05070537
urn:mavedb:00000115-a-6#1006,NA,NA,p.Asp54Trp,0.5016207,0.08709931
urn:mavedb:00000115-a-6#1007,NA,NA,p.Asp54Tyr,0.5480804,0.10039457
urn:mavedb:00000115-a-6#1008,NA,NA,p.Ile55Ala,0.16247334,0.039359067
urn:mavedb:00000115-a-6#1009,NA,NA,p.Ile55Cys,0.12584591,0.086114906
urn:mavedb:00000115-a-6#1010,NA,NA,p.Ile55Asp,2.2584362,0.29458115
urn:mavedb:00000115-a-6#1011,NA,NA,p.Ile55Glu,2.5200403,0.25639987
urn:mavedb:00000115-a-6#1012,NA,NA,p.Ile55Phe,0.34564918,0.054806095
urn:mavedb:00000115-a-6#1013,NA,NA,p.Ile55Gly,1.1263671,0.05741751
urn:mavedb:00000115-a-6#1014,NA,NA,p.Ile55His,0.53678024,0.082262345
urn:mavedb:00000115-a-6#1015,NA,NA,p.Ile55Lys,1.9616046,0.3228189
urn:mavedb:00000115-a-6#1016,NA,NA,p.Ile55Leu,0.12200621,0.023654712
urn:mavedb:00000115-a-6#1017,NA,NA,p.Ile55Met,0.057694916,0.10062225
urn:mavedb:00000115-a-6#1018,NA,NA,p.Ile55Asn,0.23949018,0.061249714
urn:mavedb:00000115-a-6#1019,NA,NA,p.Ile55Pro,1.8723443,0.17454758
urn:mavedb:00000115-a-6#1020,NA,NA,p.Ile55Gln,1.2853377,0.09846415
urn:mavedb:00000115-a-6#1021,NA,NA,p.Ile55Arg,2.4574485,0.2832012
urn:mavedb:00000115-a-6#1022,NA,NA,p.Ile55Ser,0.3210705,0.041663557
urn:mavedb:00000115-a-6#1023,NA,NA,p.Ile55Thr,0.014643029,0.056820817
urn:mavedb:00000115-a-6#1024,NA,NA,p.Ile55Val,0.05871225,0.031332094
urn:mavedb:00000115-a-6#1025,NA,NA,p.Ile55Trp,0.7019458,0.04752328
urn:mavedb:00000115-a-6#1026,NA,NA,p.Ile55Tyr,1.0781975,0.0547437
urn:mavedb:00000115-a-6#1027,NA,NA,p.Leu56Ala,0.036162727,0.046408195
urn:mavedb:00000115-a-6#1028,NA,NA,p.Leu56Cys,-0.036900204,0.042877592
urn:mavedb:00000115-a-6#1029,NA,NA,p.Leu56Asp,-0.45863253,0.10776547
urn:mavedb:00000115-a-6#1030,NA,NA,p.Leu56Glu,-1.2387842,0.1445636
urn:mavedb:00000115-a-6#1031,NA,NA,p.Leu56Phe,0.1947055,0.08210118
urn:mavedb:00000115-a-6#1032,NA,NA,p.Leu56Gly,-0.24353506,0.08997837
urn:mavedb:00000115-a-6#1033,NA,NA,p.Leu56His,0.25978434,0.03583496
urn:mavedb:00000115-a-6#1034,NA,NA,p.Leu56Ile,NA,NA
urn:mavedb:00000115-a-6#1035,NA,NA,p.Leu56Lys,0.8734336,0.08646781
urn:mavedb:00000115-a-6#1036,NA,NA,p.Leu56Met,-0.21699622,0.09856946
urn:mavedb:00000115-a-6#1037,NA,NA,p.Leu56Asn,-0.12101189,0.059490915
urn:mavedb:00000115-a-6#1038,NA,NA,p.Leu56Pro,2.7416682,0.227777
urn:mavedb:00000115-a-6#1039,NA,NA,p.Leu56Gln,0.093101665,0.06092744
urn:mavedb:00000115-a-6#1040,NA,NA,p.Leu56Arg,0.6696776,0.05509476
urn:mavedb:00000115-a-6#1041,NA,NA,p.Leu56Ser,0.04374222,0.038357396
urn:mavedb:00000115-a-6#1042,NA,NA,p.Leu56Thr,-0.119214244,0.05917467
urn:mavedb:00000115-a-6#1043,NA,NA,p.Leu56Val,-0.07104139,0.052901052
urn:mavedb:00000115-a-6#1044,NA,NA,p.Leu56Trp,-0.14804468,0.08161552
urn:mavedb:00000115-a-6#1045,NA,NA,p.Leu56Tyr,0.19207034,0.029234534
urn:mavedb:00000115-a-6#1046,NA,NA,p.Asp57Ala,2.4581227,0.3162896
urn:mavedb:00000115-a-6#1047,NA,NA,p.Asp57Cys,2.3767192,0.23433504
urn:mavedb:00000115-a-6#1048,NA,NA,p.Asp57Glu,1.3671575,0.08002815
urn:mavedb:00000115-a-6#1049,NA,NA,p.Asp57Phe,2.4938881,0.33043626
urn:mavedb:00000115-a-6#1050,NA,NA,p.Asp57Gly,3.07026,0.20766737
urn:mavedb:00000115-a-6#1051,NA,NA,p.Asp57His,2.5626009,0.24425733
urn:mavedb:00000115-a-6#1052,NA,NA,p.Asp57Ile,2.2711504,0.29809836
urn:mavedb:00000115-a-6#1053,NA,NA,p.Asp57Lys,2.4391546,0.40684134
urn:mavedb:00000115-a-6#1054,NA,NA,p.Asp57Leu,2.1473546,0.25649047
urn:mavedb:00000115-a-6#1055,NA,NA,p.Asp57Met,1.7663039,0.15384574
urn:mavedb:00000115-a-6#1056,NA,NA,p.Asp57Asn,2.1869497,0.21969165
urn:mavedb:00000115-a-6#1057,NA,NA,p.Asp57Pro,2.2730966,0.28726748
urn:mavedb:00000115-a-6#1058,NA,NA,p.Asp57Gln,2.024218,0.42945793
urn:mavedb:00000115-a-6#1059,NA,NA,p.Asp57Arg,2.7990322,0.16511273
urn:mavedb:00000115-a-6#1060,NA,NA,p.Asp57Ser,2.7270892,0.180294
urn:mavedb:00000115-a-6#1061,NA,NA,p.Asp57Thr,2.4242318,0.25964016
urn:mavedb:00000115-a-6#1062,NA,NA,p.Asp57Val,2.101825,0.11216437
urn:mavedb:00000115-a-6#1063,NA,NA,p.Asp57Trp,2.4207346,0.34419304
urn:mavedb:00000115-a-6#1064,NA,NA,p.Asp57Tyr,2.385239,0.26166
urn:mavedb:00000115-a-6#1065,NA,NA,p.Thr58Ala,0.32502598,0.03358367
urn:mavedb:00000115-a-6#1066,NA,NA,p.Thr58Cys,0.06964064,0.046233047
urn:mavedb:00000115-a-6#1067,NA,NA,p.Thr58Asp,0.86775917,0.0515566
urn:mavedb:00000115-a-6#1068,NA,NA,p.Thr58Glu,0.72295403,0.029355722
urn:mavedb:00000115-a-6#1069,NA,NA,p.Thr58Phe,0.58414966,0.062677346
urn:mavedb:00000115-a-6#1070,NA,NA,p.Thr58Gly,0.4146753,0.044675004
urn:mavedb:00000115-a-6#1071,NA,NA,p.Thr58His,0.8600866,0.08141149
urn:mavedb:00000115-a-6#1072,NA,NA,p.Thr58Ile,0.28931507,0.078160584
urn:mavedb:00000115-a-6#1073,NA,NA,p.Thr58Lys,1.1175917,0.067070335
urn:mavedb:00000115-a-6#1074,NA,NA,p.Thr58Leu,0.11611278,0.019718
urn:mavedb:00000115-a-6#1075,NA,NA,p.Thr58Met,0.10492764,0.08998856
urn:mavedb:00000115-a-6#1076,NA,NA,p.Thr58Asn,0.7249664,0.093292825
urn:mavedb:00000115-a-6#1077,NA,NA,p.Thr58Pro,1.4359297,0.03946777
urn:mavedb:00000115-a-6#1078,NA,NA,p.Thr58Gln,0.71566814,0.049036574
urn:mavedb:00000115-a-6#1079,NA,NA,p.Thr58Arg,1.0886219,0.061941966
urn:mavedb:00000115-a-6#1080,NA,NA,p.Thr58Ser,0.011865034,0.028749026
urn:mavedb:00000115-a-6#1081,NA,NA,p.Thr58Val,0.29297554,0.031809088
urn:mavedb:00000115-a-6#1082,NA,NA,p.Thr58Trp,0.83135337,0.0451188
urn:mavedb:00000115-a-6#1083,NA,NA,p.Thr58Tyr,0.6031342,0.05078552
urn:mavedb:00000115-a-6#1084,NA,NA,p.Ala59Cys,0.102027945,0.06915713
urn:mavedb:00000115-a-6#1085,NA,NA,p.Ala59Asp,0.44038945,0.051828094
urn:mavedb:00000115-a-6#1086,NA,NA,p.Ala59Glu,0.25671786,0.060396127
urn:mavedb:00000115-a-6#1087,NA,NA,p.Ala59Phe,1.1271157,0.07221135
urn:mavedb:00000115-a-6#1088,NA,NA,p.Ala59Gly,0.00648767,0.04160071
urn:mavedb:00000115-a-6#1089,NA,NA,p.Ala59His,0.78641254,0.041801658
urn:mavedb:00000115-a-6#1090,NA,NA,p.Ala59Ile,1.2868105,0.11267152
urn:mavedb:00000115-a-6#1091,NA,NA,p.Ala59Lys,0.62166595,0.14699833
urn:mavedb:00000115-a-6#1092,NA,NA,p.Ala59Leu,1.2953821,0.05357625
urn:mavedb:00000115-a-6#1093,NA,NA,p.Ala59Met,0.3641013,0.057034817
urn:mavedb:00000115-a-6#1094,NA,NA,p.Ala59Asn,0.17583665,0.06688884
urn:mavedb:00000115-a-6#1095,NA,NA,p.Ala59Pro,-0.16158113,0.06884088
urn:mavedb:00000115-a-6#1096,NA,NA,p.Ala59Gln,0.28824165,0.048463013
urn:mavedb:00000115-a-6#1097,NA,NA,p.Ala59Arg,0.53008527,0.024843415
urn:mavedb:00000115-a-6#1098,NA,NA,p.Ala59Ser,0.025629181,0.041672762
urn:mavedb:00000115-a-6#1099,NA,NA,p.Ala59Thr,0.18298878,0.044870194
urn:mavedb:00000115-a-6#1100,NA,NA,p.Ala59Val,0.99396205,0.035080325
urn:mavedb:00000115-a-6#1101,NA,NA,p.Ala59Trp,1.1964675,0.133772
urn:mavedb:00000115-a-6#1102,NA,NA,p.Ala59Tyr,0.7446838,0.07591863
urn:mavedb:00000115-a-6#1103,NA,NA,p.Gly60Ala,0.544507,0.028210586
urn:mavedb:00000115-a-6#1104,NA,NA,p.Gly60Cys,0.6664541,0.033247963
urn:mavedb:00000115-a-6#1105,NA,NA,p.Gly60Asp,0.74137133,0.05570206
urn:mavedb:00000115-a-6#1106,NA,NA,p.Gly60Glu,0.84485894,0.059897594
urn:mavedb:00000115-a-6#1107,NA,NA,p.Gly60Phe,0.9315127,0.102751955
urn:mavedb:00000115-a-6#1108,NA,NA,p.Gly60His,0.45900643,0.04113799
urn:mavedb:00000115-a-6#1109,NA,NA,p.Gly60Ile,0.7218721,0.19906192
urn:mavedb:00000115-a-6#1110,NA,NA,p.Gly60Lys,0.6855336,0.05963652
urn:mavedb:00000115-a-6#1111,NA,NA,p.Gly60Leu,1.1784515,0.09429211
urn:mavedb:00000115-a-6#1112,NA,NA,p.Gly60Met,0.940708,0.062279407
urn:mavedb:00000115-a-6#1113,NA,NA,p.Gly60Asn,0.7983774,0.063178144
urn:mavedb:00000115-a-6#1114,NA,NA,p.Gly60Pro,0.3061432,0.023766147
urn:mavedb:00000115-a-6#1115,NA,NA,p.Gly60Gln,0.6511788,0.070283346
urn:mavedb:00000115-a-6#1116,NA,NA,p.Gly60Arg,0.77293843,0.04302996
urn:mavedb:00000115-a-6#1117,NA,NA,p.Gly60Ser,0.20322494,0.062020242
urn:mavedb:00000115-a-6#1118,NA,NA,p.Gly60Thr,0.67096305,0.045989614
urn:mavedb:00000115-a-6#1119,NA,NA,p.Gly60Val,0.9608155,0.03485402
urn:mavedb:00000115-a-6#1120,NA,NA,p.Gly60Trp,0.6416555,0.03675445
urn:mavedb:00000115-a-6#1121,NA,NA,p.Gly60Tyr,0.77825963,0.066868976
urn:mavedb:00000115-a-6#1122,NA,NA,p.Gln61Ala,-0.06226299,0.0388364
urn:mavedb:00000115-a-6#1123,NA,NA,p.Gln61Cys,-0.124801494,0.06139132
urn:mavedb:00000115-a-6#1124,NA,NA,p.Gln61Asp,-0.15885697,0.10337049
urn:mavedb:00000115-a-6#1125,NA,NA,p.Gln61Glu,-0.11144664,0.07505772
urn:mavedb:00000115-a-6#1126,NA,NA,p.Gln61Phe,0.16893741,0.046334825
urn:mavedb:00000115-a-6#1127,NA,NA,p.Gln61Gly,-0.1055405,0.027063595
urn:mavedb:00000115-a-6#1128,NA,NA,p.Gln61His,-0.10956971,0.028510207
urn:mavedb:00000115-a-6#1129,NA,NA,p.Gln61Ile,0.07396726,0.049783204
urn:mavedb:00000115-a-6#1130,NA,NA,p.Gln61Lys,-0.11655749,0.05736669
urn:mavedb:00000115-a-6#1131,NA,NA,p.Gln61Leu,0.036845844,0.008567927
urn:mavedb:00000115-a-6#1132,NA,NA,p.Gln61Met,0.056662235,0.050023016
urn:mavedb:00000115-a-6#1133,NA,NA,p.Gln61Asn,-0.15549546,0.04580264
urn:mavedb:00000115-a-6#1134,NA,NA,p.Gln61Pro,0.050164487,0.047312148
urn:mavedb:00000115-a-6#1135,NA,NA,p.Gln61Arg,0.14148825,0.027727757
urn:mavedb:00000115-a-6#1136,NA,NA,p.Gln61Ser,-0.1330061,0.073068
urn:mavedb:00000115-a-6#1137,NA,NA,p.Gln61Thr,-0.081077605,0.04372077
urn:mavedb:00000115-a-6#1138,NA,NA,p.Gln61Val,-0.01079719,0.02441427
urn:mavedb:00000115-a-6#1139,NA,NA,p.Gln61Trp,0.2754832,0.032495804
urn:mavedb:00000115-a-6#1140,NA,NA,p.Gln61Tyr,0.04427631,0.03554972
urn:mavedb:00000115-a-6#1141,NA,NA,p.Glu62Ala,0.11004835,0.024119986
urn:mavedb:00000115-a-6#1142,NA,NA,p.Glu62Cys,0.09323544,0.034395482
urn:mavedb:00000115-a-6#1143,NA,NA,p.Glu62Asp,-0.0039467337,0.058653343
urn:mavedb:00000115-a-6#1144,NA,NA,p.Glu62Phe,0.026648195,0.072890356
urn:mavedb:00000115-a-6#1145,NA,NA,p.Glu62Gly,0.031735923,0.02304015
urn:mavedb:00000115-a-6#1146,NA,NA,p.Glu62His,0.050763283,0.04313699
urn:mavedb:00000115-a-6#1147,NA,NA,p.Glu62Ile,0.12752983,0.05760337
urn:mavedb:00000115-a-6#1148,NA,NA,p.Glu62Lys,0.059833575,0.10707349
urn:mavedb:00000115-a-6#1149,NA,NA,p.Glu62Leu,0.00460287,0.040814597
urn:mavedb:00000115-a-6#1150,NA,NA,p.Glu62Met,0.13644764,0.08743496
urn:mavedb:00000115-a-6#1151,NA,NA,p.Glu62Asn,0.016044587,0.06014042
urn:mavedb:00000115-a-6#1152,NA,NA,p.Glu62Pro,-0.027048018,0.019332802
urn:mavedb:00000115-a-6#1153,NA,NA,p.Glu62Gln,-0.02448079,0.042324122
urn:mavedb:00000115-a-6#1154,NA,NA,p.Glu62Arg,0.21566856,0.03476683
urn:mavedb:00000115-a-6#1155,NA,NA,p.Glu62Ser,0.07054499,0.028388038
urn:mavedb:00000115-a-6#1156,NA,NA,p.Glu62Thr,0.02733103,0.025006417
urn:mavedb:00000115-a-6#1157,NA,NA,p.Glu62Val,0.18640667,0.018914739
urn:mavedb:00000115-a-6#1158,NA,NA,p.Glu62Trp,0.08470156,0.08835808
urn:mavedb:00000115-a-6#1159,NA,NA,p.Glu62Tyr,0.10639014,0.044882692
urn:mavedb:00000115-a-6#1160,NA,NA,p.Glu63Ala,0.058928452,0.04545217
urn:mavedb:00000115-a-6#1161,NA,NA,p.Glu63Cys,0.022488946,0.09502792
urn:mavedb:00000115-a-6#1162,NA,NA,p.Glu63Asp,-0.09075111,0.061808657
urn:mavedb:00000115-a-6#1163,NA,NA,p.Glu63Phe,0.37301207,0.050613657
urn:mavedb:00000115-a-6#1164,NA,NA,p.Glu63Gly,-0.023088265,0.02889413
urn:mavedb:00000115-a-6#1165,NA,NA,p.Glu63His,0.03364858,0.06499281
urn:mavedb:00000115-a-6#1166,NA,NA,p.Glu63Ile,0.2898939,0.15615515
urn:mavedb:00000115-a-6#1167,NA,NA,p.Glu63Lys,0.10239808,0.05202539
urn:mavedb:00000115-a-6#1168,NA,NA,p.Glu63Leu,0.4471759,0.03611719
urn:mavedb:00000115-a-6#1169,NA,NA,p.Glu63Met,0.35852903,0.040536318
urn:mavedb:00000115-a-6#1170,NA,NA,p.Glu63Asn,0.054616835,0.07580712
urn:mavedb:00000115-a-6#1171,NA,NA,p.Glu63Pro,5.2620107e-05,0.03482274
urn:mavedb:00000115-a-6#1172,NA,NA,p.Glu63Gln,0.01556931,0.045628704
urn:mavedb:00000115-a-6#1173,NA,NA,p.Glu63Arg,0.118840225,0.035001326
urn:mavedb:00000115-a-6#1174,NA,NA,p.Glu63Ser,0.056462523,0.022912372
urn:mavedb:00000115-a-6#1175,NA,NA,p.Glu63Thr,0.11251263,0.03360706
urn:mavedb:00000115-a-6#1176,NA,NA,p.Glu63Val,0.31386513,0.008393453
urn:mavedb:00000115-a-6#1177,NA,NA,p.Glu63Trp,0.3704332,0.096278846
urn:mavedb:00000115-a-6#1178,NA,NA,p.Glu63Tyr,0.26138404,0.06785234
urn:mavedb:00000115-a-6#1179,NA,NA,p.Tyr64Ala,-0.060015474,0.018363185
urn:mavedb:00000115-a-6#1180,NA,NA,p.Tyr64Cys,-0.12542713,0.047256526
urn:mavedb:00000115-a-6#1181,NA,NA,p.Tyr64Asp,-0.20171106,0.099787526
urn:mavedb:00000115-a-6#1182,NA,NA,p.Tyr64Glu,-0.21221492,0.076911025
urn:mavedb:00000115-a-6#1183,NA,NA,p.Tyr64Phe,0.014646296,0.062087644
urn:mavedb:00000115-a-6#1184,NA,NA,p.Tyr64Gly,0.0021006416,0.05888226
urn:mavedb:00000115-a-6#1185,NA,NA,p.Tyr64His,-0.0995746,0.08661339
urn:mavedb:00000115-a-6#1186,NA,NA,p.Tyr64Ile,0.057218045,0.05233965
urn:mavedb:00000115-a-6#1187,NA,NA,p.Tyr64Lys,-0.08464625,0.08633792
urn:mavedb:00000115-a-6#1188,NA,NA,p.Tyr64Leu,0.03308965,0.04018216
urn:mavedb:00000115-a-6#1189,NA,NA,p.Tyr64Met,0.0059827627,0.04864275
urn:mavedb:00000115-a-6#1190,NA,NA,p.Tyr64Asn,-0.27200365,0.11126075
urn:mavedb:00000115-a-6#1191,NA,NA,p.Tyr64Pro,-0.00085544796,0.054283053
urn:mavedb:00000115-a-6#1192,NA,NA,p.Tyr64Gln,-0.17074308,0.10206807
urn:mavedb:00000115-a-6#1193,NA,NA,p.Tyr64Arg,-0.021610413,0.03209738
urn:mavedb:00000115-a-6#1194,NA,NA,p.Tyr64Ser,-0.1720183,0.030785672
urn:mavedb:00000115-a-6#1195,NA,NA,p.Tyr64Thr,-0.05634628,0.04913511
urn:mavedb:00000115-a-6#1196,NA,NA,p.Tyr64Val,0.07107532,0.052614786
urn:mavedb:00000115-a-6#1197,NA,NA,p.Tyr64Trp,-0.03348719,0.052152745
urn:mavedb:00000115-a-6#1198,NA,NA,p.Ser65Ala,0.04409649,0.048296273
urn:mavedb:00000115-a-6#1199,NA,NA,p.Ser65Cys,0.11661412,0.043679774
urn:mavedb:00000115-a-6#1200,NA,NA,p.Ser65Asp,-0.050437566,0.10910828
urn:mavedb:00000115-a-6#1201,NA,NA,p.Ser65Glu,-0.0013976108,0.08482333
urn:mavedb:00000115-a-6#1202,NA,NA,p.Ser65Phe,0.012619853,0.117869504
urn:mavedb:00000115-a-6#1203,NA,NA,p.Ser65Gly,0.016108869,0.031079104
urn:mavedb:00000115-a-6#1204,NA,NA,p.Ser65His,0.075832635,0.15390703
urn:mavedb:00000115-a-6#1205,NA,NA,p.Ser65Ile,0.058317,0.104906395
urn:mavedb:00000115-a-6#1206,NA,NA,p.Ser65Lys,0.17729543,0.07828145
urn:mavedb:00000115-a-6#1207,NA,NA,p.Ser65Leu,0.19254084,0.0708432
urn:mavedb:00000115-a-6#1208,NA,NA,p.Ser65Met,0.025317574,0.08855799
urn:mavedb:00000115-a-6#1209,NA,NA,p.Ser65Asn,0.2316207,0.16272849
urn:mavedb:00000115-a-6#1210,NA,NA,p.Ser65Pro,-0.024010578,0.052902136
urn:mavedb:00000115-a-6#1211,NA,NA,p.Ser65Gln,-0.016909042,0.09190059
urn:mavedb:00000115-a-6#1212,NA,NA,p.Ser65Arg,0.18719155,0.041904274
urn:mavedb:00000115-a-6#1213,NA,NA,p.Ser65Thr,0.03742833,0.12606086
urn:mavedb:00000115-a-6#1214,NA,NA,p.Ser65Val,0.06587005,0.06493642
urn:mavedb:00000115-a-6#1215,NA,NA,p.Ser65Trp,0.124112375,0.08899364
urn:mavedb:00000115-a-6#1216,NA,NA,p.Ser65Tyr,-0.011783963,0.120520025
urn:mavedb:00000115-a-6#1217,NA,NA,p.Ala66Cys,-0.081325434,0.14746666
urn:mavedb:00000115-a-6#1218,NA,NA,p.Ala66Asp,-0.16915374,0.049118422
urn:mavedb:00000115-a-6#1219,NA,NA,p.Ala66Glu,-0.03476202,0.08343599
urn:mavedb:00000115-a-6#1220,NA,NA,p.Ala66Phe,-0.08480493,0.07219429
urn:mavedb:00000115-a-6#1221,NA,NA,p.Ala66Gly,-0.11507329,0.05597114
urn:mavedb:00000115-a-6#1222,NA,NA,p.Ala66His,-0.080434576,0.06466952
urn:mavedb:00000115-a-6#1223,NA,NA,p.Ala66Ile,0.19994883,0.08468726
urn:mavedb:00000115-a-6#1224,NA,NA,p.Ala66Lys,0.23212844,0.11704669
urn:mavedb:00000115-a-6#1225,NA,NA,p.Ala66Leu,0.072732545,0.06023751
urn:mavedb:00000115-a-6#1226,NA,NA,p.Ala66Met,-0.1551522,0.16399954
urn:mavedb:00000115-a-6#1227,NA,NA,p.Ala66Asn,-0.18166593,0.11852938
urn:mavedb:00000115-a-6#1228,NA,NA,p.Ala66Pro,0.03787773,0.007971162
urn:mavedb:00000115-a-6#1229,NA,NA,p.Ala66Gln,0.042824544,0.12783635
urn:mavedb:00000115-a-6#1230,NA,NA,p.Ala66Arg,0.035132796,0.05064305
urn:mavedb:00000115-a-6#1231,NA,NA,p.Ala66Ser,-0.023972936,0.06328547
urn:mavedb:00000115-a-6#1232,NA,NA,p.Ala66Thr,-0.06969264,0.07243857
urn:mavedb:00000115-a-6#1233,NA,NA,p.Ala66Val,0.10310921,0.065866336
urn:mavedb:00000115-a-6#1234,NA,NA,p.Ala66Trp,-0.033458024,0.22324538
urn:mavedb:00000115-a-6#1235,NA,NA,p.Ala66Tyr,0.019522535,0.057427946
urn:mavedb:00000115-a-6#1236,NA,NA,p.Met67Ala,0.16001894,0.04687672
urn:mavedb:00000115-a-6#1237,NA,NA,p.Met67Cys,-0.08414606,0.09679792
urn:mavedb:00000115-a-6#1238,NA,NA,p.Met67Asp,-0.13299902,0.15924583
urn:mavedb:00000115-a-6#1239,NA,NA,p.Met67Glu,-0.095804214,0.1013316
urn:mavedb:00000115-a-6#1240,NA,NA,p.Met67Phe,-0.01238669,0.0913391
urn:mavedb:00000115-a-6#1241,NA,NA,p.Met67Gly,0.004430854,0.03151337
urn:mavedb:00000115-a-6#1242,NA,NA,p.Met67His,0.097680345,0.08039966
urn:mavedb:00000115-a-6#1243,NA,NA,p.Met67Ile,0.13075723,0.08641693
urn:mavedb:00000115-a-6#1244,NA,NA,p.Met67Lys,0.23027125,0.08838855
urn:mavedb:00000115-a-6#1245,NA,NA,p.Met67Leu,0.10411875,0.06200418
urn:mavedb:00000115-a-6#1246,NA,NA,p.Met67Asn,-0.24205492,0.23858999
urn:mavedb:00000115-a-6#1247,NA,NA,p.Met67Pro,-0.045966722,0.0794406
urn:mavedb:00000115-a-6#1248,NA,NA,p.Met67Gln,-0.14587535,0.14483485
urn:mavedb:00000115-a-6#1249,NA,NA,p.Met67Arg,0.15765755,0.09953992
urn:mavedb:00000115-a-6#1250,NA,NA,p.Met67Ser,-0.054619055,0.055331793
urn:mavedb:00000115-a-6#1251,NA,NA,p.Met67Thr,0.027015954,0.06094163
urn:mavedb:00000115-a-6#1252,NA,NA,p.Met67Val,-0.020573677,0.10314116
urn:mavedb:00000115-a-6#1253,NA,NA,p.Met67Trp,-0.05512986,0.10158244
urn:mavedb:00000115-a-6#1254,NA,NA,p.Met67Tyr,-0.085194886,0.14388752
urn:mavedb:00000115-a-6#1255,NA,NA,p.Arg68Ala,-0.15028676,0.11083661
urn:mavedb:00000115-a-6#1256,NA,NA,p.Arg68Cys,-0.18364324,0.121711604
urn:mavedb:00000115-a-6#1257,NA,NA,p.Arg68Asp,-0.43489617,0.11003491
urn:mavedb:00000115-a-6#1258,NA,NA,p.Arg68Glu,-0.32407802,0.3220629
urn:mavedb:00000115-a-6#1259,NA,NA,p.Arg68Phe,-0.08066524,0.20717499
urn:mavedb:00000115-a-6#1260,NA,NA,p.Arg68Gly,-0.24595311,0.025450211
urn:mavedb:00000115-a-6#1261,NA,NA,p.Arg68His,-0.1529396,0.12585618
urn:mavedb:00000115-a-6#1262,NA,NA,p.Arg68Ile,-0.27332875,0.1582008
urn:mavedb:00000115-a-6#1263,NA,NA,p.Arg68Lys,-0.098210275,0.074452676
urn:mavedb:00000115-a-6#1264,NA,NA,p.Arg68Leu,-0.08767592,0.08618492
urn:mavedb:00000115-a-6#1265,NA,NA,p.Arg68Met,0.06318671,0.07433622
urn:mavedb:00000115-a-6#1266,NA,NA,p.Arg68Asn,-0.4194032,0.17410992
urn:mavedb:00000115-a-6#1267,NA,NA,p.Arg68Pro,-0.25121397,0.10963138
urn:mavedb:00000115-a-6#1268,NA,NA,p.Arg68Gln,-0.21161339,0.14599611
urn:mavedb:00000115-a-6#1269,NA,NA,p.Arg68Ser,-0.3654921,0.07927145
urn:mavedb:00000115-a-6#1270,NA,NA,p.Arg68Thr,-0.30505538,0.11257714
urn:mavedb:00000115-a-6#1271,NA,NA,p.Arg68Val,-0.07915811,0.04223309
urn:mavedb:00000115-a-6#1272,NA,NA,p.Arg68Trp,0.14085837,0.060526542
urn:mavedb:00000115-a-6#1273,NA,NA,p.Arg68Tyr,-0.1342847,0.1290164
urn:mavedb:00000115-a-6#1274,NA,NA,p.Asp69Ala,0.3042469,0.07986108
urn:mavedb:00000115-a-6#1275,NA,NA,p.Asp69Cys,0.2871806,0.2209068
urn:mavedb:00000115-a-6#1276,NA,NA,p.Asp69Glu,-0.06659959,0.06338171
urn:mavedb:00000115-a-6#1277,NA,NA,p.Asp69Phe,0.37909904,0.19146186
urn:mavedb:00000115-a-6#1278,NA,NA,p.Asp69Gly,0.19184572,0.059166927
urn:mavedb:00000115-a-6#1279,NA,NA,p.Asp69His,-0.013545435,0.11780817
urn:mavedb:00000115-a-6#1280,NA,NA,p.Asp69Ile,0.36163247,0.35858867
urn:mavedb:00000115-a-6#1281,NA,NA,p.Asp69Lys,0.32665828,0.08315779
urn:mavedb:00000115-a-6#1282,NA,NA,p.Asp69Leu,0.27317855,0.14922297
urn:mavedb:00000115-a-6#1283,NA,NA,p.Asp69Met,0.2747788,0.15240125
urn:mavedb:00000115-a-6#1284,NA,NA,p.Asp69Asn,-0.041577257,0.07843929
urn:mavedb:00000115-a-6#1285,NA,NA,p.Asp69Pro,0.22730556,0.035896454
urn:mavedb:00000115-a-6#1286,NA,NA,p.Asp69Gln,0.0025284155,0.17173508
urn:mavedb:00000115-a-6#1287,NA,NA,p.Asp69Arg,0.22399421,0.0637634
urn:mavedb:00000115-a-6#1288,NA,NA,p.Asp69Ser,0.04438231,0.034379482
urn:mavedb:00000115-a-6#1289,NA,NA,p.Asp69Thr,0.10355303,0.049445573
urn:mavedb:00000115-a-6#1290,NA,NA,p.Asp69Val,0.6260876,0.13366202
urn:mavedb:00000115-a-6#1291,NA,NA,p.Asp69Trp,0.10729306,0.23578721
urn:mavedb:00000115-a-6#1292,NA,NA,p.Asp69Tyr,0.2130047,0.09561598
urn:mavedb:00000115-a-6#1293,NA,NA,p.Gln70Ala,-0.12132003,0.08931532
urn:mavedb:00000115-a-6#1294,NA,NA,p.Gln70Cys,0.012514232,0.09532807
urn:mavedb:00000115-a-6#1295,NA,NA,p.Gln70Asp,-0.12025589,0.12476132
urn:mavedb:00000115-a-6#1296,NA,NA,p.Gln70Glu,-0.05259912,0.13195656
urn:mavedb:00000115-a-6#1297,NA,NA,p.Gln70Phe,-0.022346757,0.20416994
urn:mavedb:00000115-a-6#1298,NA,NA,p.Gln70Gly,0.007932027,0.07972119
urn:mavedb:00000115-a-6#1299,NA,NA,p.Gln70His,-0.09612985,0.111606985
urn:mavedb:00000115-a-6#1300,NA,NA,p.Gln70Ile,0.19045389,0.105300464
urn:mavedb:00000115-a-6#1301,NA,NA,p.Gln70Lys,0.35244763,0.078822605
urn:mavedb:00000115-a-6#1302,NA,NA,p.Gln70Leu,0.10563374,0.057552252
urn:mavedb:00000115-a-6#1303,NA,NA,p.Gln70Met,-0.23704296,0.09153276
urn:mavedb:00000115-a-6#1304,NA,NA,p.Gln70Asn,0.077725425,0.09497854
urn:mavedb:00000115-a-6#1305,NA,NA,p.Gln70Pro,-0.102487646,0.060519498
urn:mavedb:00000115-a-6#1306,NA,NA,p.Gln70Arg,0.2574885,0.05078699
urn:mavedb:00000115-a-6#1307,NA,NA,p.Gln70Ser,-0.15625685,0.05250562
urn:mavedb:00000115-a-6#1308,NA,NA,p.Gln70Thr,-0.1339966,0.14487237
urn:mavedb:00000115-a-6#1309,NA,NA,p.Gln70Val,-0.10032985,0.07955048
urn:mavedb:00000115-a-6#1310,NA,NA,p.Gln70Trp,0.34798908,0.10235856
urn:mavedb:00000115-a-6#1311,NA,NA,p.Gln70Tyr,-0.08385004,0.10928793
urn:mavedb:00000115-a-6#1312,NA,NA,p.Tyr71Ala,-0.07401739,0.0528376
urn:mavedb:00000115-a-6#1313,NA,NA,p.Tyr71Cys,-0.38923743,0.08598977
urn:mavedb:00000115-a-6#1314,NA,NA,p.Tyr71Asp,-0.67498016,0.06866827
urn:mavedb:00000115-a-6#1315,NA,NA,p.Tyr71Glu,-0.3056568,0.10793869
urn:mavedb:00000115-a-6#1316,NA,NA,p.Tyr71Phe,-0.07345032,0.0094123725
urn:mavedb:00000115-a-6#1317,NA,NA,p.Tyr71Gly,-0.2589824,0.05732719
urn:mavedb:00000115-a-6#1318,NA,NA,p.Tyr71His,-0.40838113,0.16866963
urn:mavedb:00000115-a-6#1319,NA,NA,p.Tyr71Ile,-0.12532103,0.19856134
urn:mavedb:00000115-a-6#1320,NA,NA,p.Tyr71Lys,0.39102527,0.08133398
urn:mavedb:00000115-a-6#1321,NA,NA,p.Tyr71Leu,-0.2964807,0.044940248
urn:mavedb:00000115-a-6#1322,NA,NA,p.Tyr71Met,-0.14789942,0.105615854
urn:mavedb:00000115-a-6#1323,NA,NA,p.Tyr71Asn,-0.18011686,0.121087655
urn:mavedb:00000115-a-6#1324,NA,NA,p.Tyr71Pro,-0.06512275,0.05011009
urn:mavedb:00000115-a-6#1325,NA,NA,p.Tyr71Gln,-0.16756916,0.06192932
urn:mavedb:00000115-a-6#1326,NA,NA,p.Tyr71Arg,0.37583178,0.06542665
urn:mavedb:00000115-a-6#1327,NA,NA,p.Tyr71Ser,-0.20539139,0.068881676
urn:mavedb:00000115-a-6#1328,NA,NA,p.Tyr71Thr,-0.053690277,0.08525893
urn:mavedb:00000115-a-6#1329,NA,NA,p.Tyr71Val,-0.030454667,0.057007425
urn:mavedb:00000115-a-6#1330,NA,NA,p.Tyr71Trp,0.06387496,0.081334025
urn:mavedb:00000115-a-6#1331,NA,NA,p.Met72Ala,0.08459648,0.045064222
urn:mavedb:00000115-a-6#1332,NA,NA,p.Met72Cys,0.16103627,0.048273906
urn:mavedb:00000115-a-6#1333,NA,NA,p.Met72Asp,-0.13491288,0.094692715
urn:mavedb:00000115-a-6#1334,NA,NA,p.Met72Glu,0.04408922,0.05166836
urn:mavedb:00000115-a-6#1335,NA,NA,p.Met72Phe,0.05362871,0.06947867
urn:mavedb:00000115-a-6#1336,NA,NA,p.Met72Gly,0.121323645,0.009929954
urn:mavedb:00000115-a-6#1337,NA,NA,p.Met72His,0.0709131,0.06525919
urn:mavedb:00000115-a-6#1338,NA,NA,p.Met72Ile,0.036599357,0.06332032
urn:mavedb:00000115-a-6#1339,NA,NA,p.Met72Lys,0.2475249,0.1136124
urn:mavedb:00000115-a-6#1340,NA,NA,p.Met72Leu,-0.03868929,0.040415186
urn:mavedb:00000115-a-6#1341,NA,NA,p.Met72Asn,-0.04041053,0.06349768
urn:mavedb:00000115-a-6#1342,NA,NA,p.Met72Pro,0.09007923,0.04829815
urn:mavedb:00000115-a-6#1343,NA,NA,p.Met72Gln,0.036670238,0.03691361
urn:mavedb:00000115-a-6#1344,NA,NA,p.Met72Arg,0.2862857,0.035449386
urn:mavedb:00000115-a-6#1345,NA,NA,p.Met72Ser,0.06529539,0.031155732
urn:mavedb:00000115-a-6#1346,NA,NA,p.Met72Thr,0.025300091,0.054454647
urn:mavedb:00000115-a-6#1347,NA,NA,p.Met72Val,-0.00836433,0.05517834
urn:mavedb:00000115-a-6#1348,NA,NA,p.Met72Trp,-0.08758379,0.059403796
urn:mavedb:00000115-a-6#1349,NA,NA,p.Met72Tyr,0.0011854091,0.04047623
urn:mavedb:00000115-a-6#1350,NA,NA,p.Arg73Ala,-0.20880271,0.056642596
urn:mavedb:00000115-a-6#1351,NA,NA,p.Arg73Cys,-0.07791354,0.07404813
urn:mavedb:00000115-a-6#1352,NA,NA,p.Arg73Asp,-0.15035608,0.06407917
urn:mavedb:00000115-a-6#1353,NA,NA,p.Arg73Glu,-0.16048628,0.09182591
urn:mavedb:00000115-a-6#1354,NA,NA,p.Arg73Phe,-0.1770041,0.08063356
urn:mavedb:00000115-a-6#1355,NA,NA,p.Arg73Gly,-0.11413631,0.042519577
urn:mavedb:00000115-a-6#1356,NA,NA,p.Arg73His,-0.36434692,0.09670964
urn:mavedb:00000115-a-6#1357,NA,NA,p.Arg73Ile,0.027937066,0.10951676
urn:mavedb:00000115-a-6#1358,NA,NA,p.Arg73Lys,-0.005646671,0.055294644
urn:mavedb:00000115-a-6#1359,NA,NA,p.Arg73Leu,0.042385247,0.05857029
urn:mavedb:00000115-a-6#1360,NA,NA,p.Arg73Met,-0.07545677,0.05128306
urn:mavedb:00000115-a-6#1361,NA,NA,p.Arg73Asn,-0.1747668,0.10384864
urn:mavedb:00000115-a-6#1362,NA,NA,p.Arg73Pro,-0.19703111,0.05578802
urn:mavedb:00000115-a-6#1363,NA,NA,p.Arg73Gln,-0.030640855,0.0548083
urn:mavedb:00000115-a-6#1364,NA,NA,p.Arg73Ser,-0.13689244,0.048482776
urn:mavedb:00000115-a-6#1365,NA,NA,p.Arg73Thr,-0.037795987,0.039442413
urn:mavedb:00000115-a-6#1366,NA,NA,p.Arg73Val,-0.062958874,0.039040413
urn:mavedb:00000115-a-6#1367,NA,NA,p.Arg73Trp,0.041159295,0.10445241
urn:mavedb:00000115-a-6#1368,NA,NA,p.Arg73Tyr,-0.14337765,0.07554484
urn:mavedb:00000115-a-6#1369,NA,NA,p.Thr74Ala,-0.085968435,0.05005141
urn:mavedb:00000115-a-6#1370,NA,NA,p.Thr74Cys,-0.023519473,0.06568438
urn:mavedb:00000115-a-6#1371,NA,NA,p.Thr74Asp,-0.3522161,0.048336595
urn:mavedb:00000115-a-6#1372,NA,NA,p.Thr74Glu,-0.39422593,0.10931339
urn:mavedb:00000115-a-6#1373,NA,NA,p.Thr74Phe,0.07102767,0.047968797
urn:mavedb:00000115-a-6#1374,NA,NA,p.Thr74Gly,-0.16364779,0.027409771
urn:mavedb:00000115-a-6#1375,NA,NA,p.Thr74His,-0.09215742,0.0627263
urn:mavedb:00000115-a-6#1376,NA,NA,p.Thr74Ile,0.15022813,0.029663045
urn:mavedb:00000115-a-6#1377,NA,NA,p.Thr74Lys,0.053136077,0.11890531
urn:mavedb:00000115-a-6#1378,NA,NA,p.Thr74Leu,0.043571215,0.05032359
urn:mavedb:00000115-a-6#1379,NA,NA,p.Thr74Met,-0.088800855,0.043897085
urn:mavedb:00000115-a-6#1380,NA,NA,p.Thr74Asn,0.0024175453,0.04737442
urn:mavedb:00000115-a-6#1381,NA,NA,p.Thr74Pro,-0.1126521,0.06678856
urn:mavedb:00000115-a-6#1382,NA,NA,p.Thr74Gln,-0.12738383,0.082838364
urn:mavedb:00000115-a-6#1383,NA,NA,p.Thr74Arg,0.19891037,0.030456634
urn:mavedb:00000115-a-6#1384,NA,NA,p.Thr74Ser,-0.06620656,0.03891095
urn:mavedb:00000115-a-6#1385,NA,NA,p.Thr74Val,0.02475137,0.06469033
urn:mavedb:00000115-a-6#1386,NA,NA,p.Thr74Trp,0.01864036,0.16467834
urn:mavedb:00000115-a-6#1387,NA,NA,p.Thr74Tyr,0.0038563085,0.050977204
urn:mavedb:00000115-a-6#1388,NA,NA,p.Gly75Ala,-0.49787387,0.30645737
urn:mavedb:00000115-a-6#1389,NA,NA,p.Gly75Cys,-0.10610453,0.048154972
urn:mavedb:00000115-a-6#1390,NA,NA,p.Gly75Asp,0.17708543,0.053847957
urn:mavedb:00000115-a-6#1391,NA,NA,p.Gly75Glu,0.15493132,0.085509434
urn:mavedb:00000115-a-6#1392,NA,NA,p.Gly75Phe,0.2193659,0.050515343
urn:mavedb:00000115-a-6#1393,NA,NA,p.Gly75His,0.19418672,0.11837626
urn:mavedb:00000115-a-6#1394,NA,NA,p.Gly75Ile,-0.07596567,0.094981186
urn:mavedb:00000115-a-6#1395,NA,NA,p.Gly75Lys,0.2167763,0.117759064
urn:mavedb:00000115-a-6#1396,NA,NA,p.Gly75Leu,0.2479834,0.043988626
urn:mavedb:00000115-a-6#1397,NA,NA,p.Gly75Met,-0.04288506,0.051897004
urn:mavedb:00000115-a-6#1398,NA,NA,p.Gly75Asn,0.2790645,0.07638136
urn:mavedb:00000115-a-6#1399,NA,NA,p.Gly75Pro,0.04726865,0.08677433
urn:mavedb:00000115-a-6#1400,NA,NA,p.Gly75Gln,0.022194639,0.035173915
urn:mavedb:00000115-a-6#1401,NA,NA,p.Gly75Arg,0.36050403,0.038707394
urn:mavedb:00000115-a-6#1402,NA,NA,p.Gly75Ser,-0.034455493,0.039836634
urn:mavedb:00000115-a-6#1403,NA,NA,p.Gly75Thr,0.023744874,0.092599876
urn:mavedb:00000115-a-6#1404,NA,NA,p.Gly75Val,-0.109387495,0.05140553
urn:mavedb:00000115-a-6#1405,NA,NA,p.Gly75Trp,0.44395626,0.04100973
urn:mavedb:00000115-a-6#1406,NA,NA,p.Gly75Tyr,-0.0049660914,0.07409057
urn:mavedb:00000115-a-6#1407,NA,NA,p.Glu76Ala,0.047595527,0.036738127
urn:mavedb:00000115-a-6#1408,NA,NA,p.Glu76Cys,-0.08871984,0.0555068
urn:mavedb:00000115-a-6#1409,NA,NA,p.Glu76Asp,-0.6245673,0.59655774
urn:mavedb:00000115-a-6#1410,NA,NA,p.Glu76Phe,0.027722582,0.057421487
urn:mavedb:00000115-a-6#1411,NA,NA,p.Glu76Gly,0.2992894,0.046816353
urn:mavedb:00000115-a-6#1412,NA,NA,p.Glu76His,0.12794012,0.052987665
urn:mavedb:00000115-a-6#1413,NA,NA,p.Glu76Ile,-0.08782553,0.086553074
urn:mavedb:00000115-a-6#1414,NA,NA,p.Glu76Lys,0.39748254,0.059545636
urn:mavedb:00000115-a-6#1415,NA,NA,p.Glu76Leu,0.16141523,0.024798661
urn:mavedb:00000115-a-6#1416,NA,NA,p.Glu76Met,-0.08892514,0.037877522
urn:mavedb:00000115-a-6#1417,NA,NA,p.Glu76Asn,0.08550581,0.08513724
urn:mavedb:00000115-a-6#1418,NA,NA,p.Glu76Pro,0.4638626,0.21481192
urn:mavedb:00000115-a-6#1419,NA,NA,p.Glu76Gln,0.0037133272,0.043476935
urn:mavedb:00000115-a-6#1420,NA,NA,p.Glu76Arg,0.24316429,0.028077846
urn:mavedb:00000115-a-6#1421,NA,NA,p.Glu76Ser,0.11702082,0.033804223
urn:mavedb:00000115-a-6#1422,NA,NA,p.Glu76Thr,-0.09425106,0.028956661
urn:mavedb:00000115-a-6#1423,NA,NA,p.Glu76Val,-0.077786006,0.044444464
urn:mavedb:00000115-a-6#1424,NA,NA,p.Glu76Trp,-0.05509276,0.05974501
urn:mavedb:00000115-a-6#1425,NA,NA,p.Glu76Tyr,-0.20909035,0.20833722
urn:mavedb:00000115-a-6#1426,NA,NA,p.Gly77Ala,-0.21673669,0.08208404
urn:mavedb:00000115-a-6#1427,NA,NA,p.Gly77Cys,-0.0001167216,0.10117948
urn:mavedb:00000115-a-6#1428,NA,NA,p.Gly77Asp,1.1403803,0.35318166
urn:mavedb:00000115-a-6#1429,NA,NA,p.Gly77Glu,0.95999944,0.32654417
urn:mavedb:00000115-a-6#1430,NA,NA,p.Gly77Phe,-0.04379683,0.103694595
urn:mavedb:00000115-a-6#1431,NA,NA,p.Gly77His,0.5797702,0.3412197
urn:mavedb:00000115-a-6#1432,NA,NA,p.Gly77Ile,-0.10876832,0.061861973
urn:mavedb:00000115-a-6#1433,NA,NA,p.Gly77Lys,-0.10724699,0.26493838
urn:mavedb:00000115-a-6#1434,NA,NA,p.Gly77Leu,-0.025002746,0.035102844
urn:mavedb:00000115-a-6#1435,NA,NA,p.Gly77Met,-0.025152477,0.09542996
urn:mavedb:00000115-a-6#1436,NA,NA,p.Gly77Asn,0.8378411,0.33695596
urn:mavedb:00000115-a-6#1437,NA,NA,p.Gly77Pro,0.948352,0.21927342
urn:mavedb:00000115-a-6#1438,NA,NA,p.Gly77Gln,0.44349435,0.2800423
urn:mavedb:00000115-a-6#1439,NA,NA,p.Gly77Arg,0.96440387,0.23812471
urn:mavedb:00000115-a-6#1440,NA,NA,p.Gly77Ser,0.17597269,0.13864611
urn:mavedb:00000115-a-6#1441,NA,NA,p.Gly77Thr,-0.06006944,0.22111796
urn:mavedb:00000115-a-6#1442,NA,NA,p.Gly77Val,-0.09968513,0.07916352
urn:mavedb:00000115-a-6#1443,NA,NA,p.Gly77Trp,0.16534881,0.20157076
urn:mavedb:00000115-a-6#1444,NA,NA,p.Gly77Tyr,0.21839449,0.121427245
urn:mavedb:00000115-a-6#1445,NA,NA,p.Phe78Ala,0.36126927,0.11859773
urn:mavedb:00000115-a-6#1446,NA,NA,p.Phe78Cys,0.37499416,0.045367308
urn:mavedb:00000115-a-6#1447,NA,NA,p.Phe78Asp,1.2305341,0.30517653
urn:mavedb:00000115-a-6#1448,NA,NA,p.Phe78Glu,1.3054097,0.6622549
urn:mavedb:00000115-a-6#1449,NA,NA,p.Phe78Gly,1.4643523,0.38445002
urn:mavedb:00000115-a-6#1450,NA,NA,p.Phe78His,0.11698107,0.20808665
urn:mavedb:00000115-a-6#1451,NA,NA,p.Phe78Ile,0.055540126,0.072690725
urn:mavedb:00000115-a-6#1452,NA,NA,p.Phe78Lys,NA,NA
urn:mavedb:00000115-a-6#1453,NA,NA,p.Phe78Leu,0.09590411,0.053341758
urn:mavedb:00000115-a-6#1454,NA,NA,p.Phe78Met,-0.14613897,0.17370473
urn:mavedb:00000115-a-6#1455,NA,NA,p.Phe78Asn,1.2872776,0.37061876
urn:mavedb:00000115-a-6#1456,NA,NA,p.Phe78Pro,1.0989684,0.17912872
urn:mavedb:00000115-a-6#1457,NA,NA,p.Phe78Gln,0.74011785,0.323225
urn:mavedb:00000115-a-6#1458,NA,NA,p.Phe78Arg,1.0275719,0.09148227
urn:mavedb:00000115-a-6#1459,NA,NA,p.Phe78Ser,0.9017574,0.057995457
urn:mavedb:00000115-a-6#1460,NA,NA,p.Phe78Thr,0.45427182,0.10134413
urn:mavedb:00000115-a-6#1461,NA,NA,p.Phe78Val,0.16024172,0.042623732
urn:mavedb:00000115-a-6#1462,NA,NA,p.Phe78Trp,0.07685125,0.012622447
urn:mavedb:00000115-a-6#1463,NA,NA,p.Phe78Tyr,0.0075346907,0.0622482
urn:mavedb:00000115-a-6#1464,NA,NA,p.Leu79Ala,0.078608446,0.06711204
urn:mavedb:00000115-a-6#1465,NA,NA,p.Leu79Cys,0.07706289,0.14830054
urn:mavedb:00000115-a-6#1466,NA,NA,p.Leu79Asp,0.6804509,0.31103903
urn:mavedb:00000115-a-6#1467,NA,NA,p.Leu79Glu,1.346162,0.16250339
urn:mavedb:00000115-a-6#1468,NA,NA,p.Leu79Phe,0.30101874,0.056856323
urn:mavedb:00000115-a-6#1469,NA,NA,p.Leu79Gly,1.1721104,0.43299055
urn:mavedb:00000115-a-6#1470,NA,NA,p.Leu79His,0.8791118,0.1769814
urn:mavedb:00000115-a-6#1471,NA,NA,p.Leu79Ile,-0.16759019,0.05427711
urn:mavedb:00000115-a-6#1472,NA,NA,p.Leu79Lys,0.447241,0.5680523
urn:mavedb:00000115-a-6#1473,NA,NA,p.Leu79Met,0.039198745,0.14191574
urn:mavedb:00000115-a-6#1474,NA,NA,p.Leu79Asn,1.0801898,0.25644997
urn:mavedb:00000115-a-6#1475,NA,NA,p.Leu79Pro,0.6688105,0.24292414
urn:mavedb:00000115-a-6#1476,NA,NA,p.Leu79Gln,0.36028302,0.22120297
urn:mavedb:00000115-a-6#1477,NA,NA,p.Leu79Arg,1.8074229,0.38339067
urn:mavedb:00000115-a-6#1478,NA,NA,p.Leu79Ser,1.7107022,0.3519409
urn:mavedb:00000115-a-6#1479,NA,NA,p.Leu79Thr,0.39077586,0.27610263
urn:mavedb:00000115-a-6#1480,NA,NA,p.Leu79Val,0.032829687,0.049046796
urn:mavedb:00000115-a-6#1481,NA,NA,p.Leu79Trp,0.49692124,0.17497796
urn:mavedb:00000115-a-6#1482,NA,NA,p.Leu79Tyr,-0.11282429,0.14912505
urn:mavedb:00000115-a-6#1483,NA,NA,p.Cys80Ala,0.15666741,0.054193985
urn:mavedb:00000115-a-6#1484,NA,NA,p.Cys80Asp,0.33150437,0.17845492
urn:mavedb:00000115-a-6#1485,NA,NA,p.Cys80Glu,0.77885115,0.09173611
urn:mavedb:00000115-a-6#1486,NA,NA,p.Cys80Phe,-0.20756635,0.058990557
urn:mavedb:00000115-a-6#1487,NA,NA,p.Cys80Gly,0.28335494,0.04188377
urn:mavedb:00000115-a-6#1488,NA,NA,p.Cys80His,-0.014491036,0.15419605
urn:mavedb:00000115-a-6#1489,NA,NA,p.Cys80Ile,-0.17927593,0.07918246
urn:mavedb:00000115-a-6#1490,NA,NA,p.Cys80Lys,0.69009775,0.19833045
urn:mavedb:00000115-a-6#1491,NA,NA,p.Cys80Leu,-0.09756135,0.0259406
urn:mavedb:00000115-a-6#1492,NA,NA,p.Cys80Met,0.025809336,0.035760295
urn:mavedb:00000115-a-6#1493,NA,NA,p.Cys80Asn,0.20807593,0.16723478
urn:mavedb:00000115-a-6#1494,NA,NA,p.Cys80Pro,0.7166934,0.23740472
urn:mavedb:00000115-a-6#1495,NA,NA,p.Cys80Gln,0.11980114,0.22903098
urn:mavedb:00000115-a-6#1496,NA,NA,p.Cys80Arg,1.4591501,0.14375573
urn:mavedb:00000115-a-6#1497,NA,NA,p.Cys80Ser,0.2891127,0.05266876
urn:mavedb:00000115-a-6#1498,NA,NA,p.Cys80Thr,0.2902777,0.11119588
urn:mavedb:00000115-a-6#1499,NA,NA,p.Cys80Val,-0.050992537,0.041474637
urn:mavedb:00000115-a-6#1500,NA,NA,p.Cys80Trp,0.34923598,0.07004857
urn:mavedb:00000115-a-6#1501,NA,NA,p.Cys80Tyr,0.06542064,0.063745454
urn:mavedb:00000115-a-6#1502,NA,NA,p.Val81Ala,0.11783411,0.03605093
urn:mavedb:00000115-a-6#1503,NA,NA,p.Val81Cys,0.043406755,0.06817249
urn:mavedb:00000115-a-6#1504,NA,NA,p.Val81Asp,1.1882492,0.4998335
urn:mavedb:00000115-a-6#1505,NA,NA,p.Val81Glu,-0.113020815,0.09891553
urn:mavedb:00000115-a-6#1506,NA,NA,p.Val81Phe,-0.20521589,0.13114984
urn:mavedb:00000115-a-6#1507,NA,NA,p.Val81Gly,0.18231274,0.024151038
urn:mavedb:00000115-a-6#1508,NA,NA,p.Val81His,-0.23600459,0.2242989
urn:mavedb:00000115-a-6#1509,NA,NA,p.Val81Ile,0.06800322,0.09679703
urn:mavedb:00000115-a-6#1510,NA,NA,p.Val81Lys,0.8750723,0.3664431
urn:mavedb:00000115-a-6#1511,NA,NA,p.Val81Leu,-0.052365594,0.059077006
urn:mavedb:00000115-a-6#1512,NA,NA,p.Val81Met,-0.12201186,0.065824844
urn:mavedb:00000115-a-6#1513,NA,NA,p.Val81Asn,0.17770517,0.09973518
urn:mavedb:00000115-a-6#1514,NA,NA,p.Val81Pro,0.12763792,0.062113356
urn:mavedb:00000115-a-6#1515,NA,NA,p.Val81Gln,-0.012151176,0.13187349
urn:mavedb:00000115-a-6#1516,NA,NA,p.Val81Arg,1.6321493,0.5135055
urn:mavedb:00000115-a-6#1517,NA,NA,p.Val81Ser,-0.010059036,0.12036963
urn:mavedb:00000115-a-6#1518,NA,NA,p.Val81Thr,-0.018529234,0.0787405
urn:mavedb:00000115-a-6#1519,NA,NA,p.Val81Trp,1.1642152,0.22310226
urn:mavedb:00000115-a-6#1520,NA,NA,p.Val81Tyr,-0.18168563,0.18787049
urn:mavedb:00000115-a-6#1521,NA,NA,p.Phe82Ala,-0.05825132,0.042023692
urn:mavedb:00000115-a-6#1522,NA,NA,p.Phe82Cys,-0.03283769,0.030036962
urn:mavedb:00000115-a-6#1523,NA,NA,p.Phe82Asp,0.22940248,0.2781688
urn:mavedb:00000115-a-6#1524,NA,NA,p.Phe82Glu,0.31513673,0.17292854
urn:mavedb:00000115-a-6#1525,NA,NA,p.Phe82Gly,-0.115167625,0.04912375
urn:mavedb:00000115-a-6#1526,NA,NA,p.Phe82His,0.043800265,0.08080111
urn:mavedb:00000115-a-6#1527,NA,NA,p.Phe82Ile,-0.034586333,0.051214237
urn:mavedb:00000115-a-6#1528,NA,NA,p.Phe82Lys,1.165594,0.28786626
urn:mavedb:00000115-a-6#1529,NA,NA,p.Phe82Leu,0.07338571,0.03788417
urn:mavedb:00000115-a-6#1530,NA,NA,p.Phe82Met,0.01770191,0.026498187
urn:mavedb:00000115-a-6#1531,NA,NA,p.Phe82Asn,0.22600675,0.1035216
urn:mavedb:00000115-a-6#1532,NA,NA,p.Phe82Pro,1.6923783,0.3478913
urn:mavedb:00000115-a-6#1533,NA,NA,p.Phe82Gln,0.18174073,0.06518312
urn:mavedb:00000115-a-6#1534,NA,NA,p.Phe82Arg,1.4602205,0.14083293
urn:mavedb:00000115-a-6#1535,NA,NA,p.Phe82Ser,-0.07264831,0.008976517
urn:mavedb:00000115-a-6#1536,NA,NA,p.Phe82Thr,0.047063008,0.044550493
urn:mavedb:00000115-a-6#1537,NA,NA,p.Phe82Val,0.03696989,0.04559178
urn:mavedb:00000115-a-6#1538,NA,NA,p.Phe82Trp,0.0793293,0.05642923
urn:mavedb:00000115-a-6#1539,NA,NA,p.Phe82Tyr,-0.011159994,0.06834538
urn:mavedb:00000115-a-6#1540,NA,NA,p.Ala83Cys,-0.09282353,0.09699904
urn:mavedb:00000115-a-6#1541,NA,NA,p.Ala83Asp,-0.8185039,0.14759474
urn:mavedb:00000115-a-6#1542,NA,NA,p.Ala83Glu,-0.25498372,0.07604619
urn:mavedb:00000115-a-6#1543,NA,NA,p.Ala83Phe,0.44551694,0.19662473
urn:mavedb:00000115-a-6#1544,NA,NA,p.Ala83Gly,-0.07196193,0.05945779
urn:mavedb:00000115-a-6#1545,NA,NA,p.Ala83His,-0.2246161,0.12685521
urn:mavedb:00000115-a-6#1546,NA,NA,p.Ala83Ile,0.2449047,0.29381382
urn:mavedb:00000115-a-6#1547,NA,NA,p.Ala83Lys,-0.055844296,0.12637632
urn:mavedb:00000115-a-6#1548,NA,NA,p.Ala83Leu,0.202608,0.17858317
urn:mavedb:00000115-a-6#1549,NA,NA,p.Ala83Met,0.024891851,0.20657176
urn:mavedb:00000115-a-6#1550,NA,NA,p.Ala83Asn,-0.5727598,0.21625091
urn:mavedb:00000115-a-6#1551,NA,NA,p.Ala83Pro,-0.19968225,0.07118834
urn:mavedb:00000115-a-6#1552,NA,NA,p.Ala83Gln,-0.30571148,0.08149742
urn:mavedb:00000115-a-6#1553,NA,NA,p.Ala83Arg,0.0920971,0.09551996
urn:mavedb:00000115-a-6#1554,NA,NA,p.Ala83Ser,-0.25542694,0.040994924
urn:mavedb:00000115-a-6#1555,NA,NA,p.Ala83Thr,-0.09034725,0.109932
urn:mavedb:00000115-a-6#1556,NA,NA,p.Ala83Val,0.48600563,0.09787435
urn:mavedb:00000115-a-6#1557,NA,NA,p.Ala83Trp,0.6518899,0.19438936
urn:mavedb:00000115-a-6#1558,NA,NA,p.Ala83Tyr,0.57123613,0.3773304
urn:mavedb:00000115-a-6#1559,NA,NA,p.Ile84Ala,-0.14979327,0.097711906
urn:mavedb:00000115-a-6#1560,NA,NA,p.Ile84Cys,-0.14862707,0.04711894
urn:mavedb:00000115-a-6#1561,NA,NA,p.Ile84Asp,-0.34228697,0.17383912
urn:mavedb:00000115-a-6#1562,NA,NA,p.Ile84Glu,-0.49365175,0.16429548
urn:mavedb:00000115-a-6#1563,NA,NA,p.Ile84Phe,-0.10455553,0.06882394
urn:mavedb:00000115-a-6#1564,NA,NA,p.Ile84Gly,-0.2861266,0.052943766
urn:mavedb:00000115-a-6#1565,NA,NA,p.Ile84His,-0.16772532,0.10007656
urn:mavedb:00000115-a-6#1566,NA,NA,p.Ile84Lys,-0.14597043,0.064774364
urn:mavedb:00000115-a-6#1567,NA,NA,p.Ile84Leu,-0.15518948,0.0137923965
urn:mavedb:00000115-a-6#1568,NA,NA,p.Ile84Met,-0.19229823,0.07613549
urn:mavedb:00000115-a-6#1569,NA,NA,p.Ile84Asn,-0.24707823,0.035377197
urn:mavedb:00000115-a-6#1570,NA,NA,p.Ile84Pro,-0.22340423,0.07004062
urn:mavedb:00000115-a-6#1571,NA,NA,p.Ile84Gln,-0.27371678,0.07997131
urn:mavedb:00000115-a-6#1572,NA,NA,p.Ile84Arg,-0.0006731862,0.02292958
urn:mavedb:00000115-a-6#1573,NA,NA,p.Ile84Ser,-0.22412078,0.03293416
urn:mavedb:00000115-a-6#1574,NA,NA,p.Ile84Thr,-0.16238971,0.051396888
urn:mavedb:00000115-a-6#1575,NA,NA,p.Ile84Val,-0.05491537,0.034289204
urn:mavedb:00000115-a-6#1576,NA,NA,p.Ile84Trp,-0.10652921,0.027947359
urn:mavedb:00000115-a-6#1577,NA,NA,p.Ile84Tyr,-0.14166665,0.056064397
urn:mavedb:00000115-a-6#1578,NA,NA,p.Asn85Ala,NA,NA
urn:mavedb:00000115-a-6#1579,NA,NA,p.Asn85Cys,NA,NA
urn:mavedb:00000115-a-6#1580,NA,NA,p.Asn85Asp,0.09462681,0.39593703
urn:mavedb:00000115-a-6#1581,NA,NA,p.Asn85Glu,NA,NA
urn:mavedb:00000115-a-6#1582,NA,NA,p.Asn85Phe,NA,NA
urn:mavedb:00000115-a-6#1583,NA,NA,p.Asn85Gly,NA,NA
urn:mavedb:00000115-a-6#1584,NA,NA,p.Asn85His,NA,NA
urn:mavedb:00000115-a-6#1585,NA,NA,p.Asn85Ile,-0.06418839,0.3073808
urn:mavedb:00000115-a-6#1586,NA,NA,p.Asn85Lys,NA,NA
urn:mavedb:00000115-a-6#1587,NA,NA,p.Asn85Leu,NA,NA
urn:mavedb:00000115-a-6#1588,NA,NA,p.Asn85Met,NA,NA
urn:mavedb:00000115-a-6#1589,NA,NA,p.Asn85Pro,NA,NA
urn:mavedb:00000115-a-6#1590,NA,NA,p.Asn85Gln,NA,NA
urn:mavedb:00000115-a-6#1591,NA,NA,p.Asn85Arg,NA,NA
urn:mavedb:00000115-a-6#1592,NA,NA,p.Asn85Ser,0.16219826,0.28880742
urn:mavedb:00000115-a-6#1593,NA,NA,p.Asn85Thr,NA,NA
urn:mavedb:00000115-a-6#1594,NA,NA,p.Asn85Val,NA,NA
urn:mavedb:00000115-a-6#1595,NA,NA,p.Asn85Trp,NA,NA
urn:mavedb:00000115-a-6#1596,NA,NA,p.Asn85Tyr,-0.08911985,0.13959049
urn:mavedb:00000115-a-6#1597,NA,NA,p.Asn86Ala,-0.04548303,0.2014107
urn:mavedb:00000115-a-6#1598,NA,NA,p.Asn86Cys,0.05384518,0.1182057
urn:mavedb:00000115-a-6#1599,NA,NA,p.Asn86Asp,-0.15961567,0.08875271
urn:mavedb:00000115-a-6#1600,NA,NA,p.Asn86Glu,-0.0036770592,0.105215415
urn:mavedb:00000115-a-6#1601,NA,NA,p.Asn86Phe,0.54312634,0.15094435
urn:mavedb:00000115-a-6#1602,NA,NA,p.Asn86Gly,-0.023818914,0.035452
urn:mavedb:00000115-a-6#1603,NA,NA,p.Asn86His,0.19700383,0.14509419
urn:mavedb:00000115-a-6#1604,NA,NA,p.Asn86Ile,0.7154494,0.08901577
urn:mavedb:00000115-a-6#1605,NA,NA,p.Asn86Lys,-0.03491207,0.17176399
urn:mavedb:00000115-a-6#1606,NA,NA,p.Asn86Leu,0.47580463,0.3598943
urn:mavedb:00000115-a-6#1607,NA,NA,p.Asn86Met,0.2262342,0.13792798
urn:mavedb:00000115-a-6#1608,NA,NA,p.Asn86Pro,0.21515818,0.26612428
urn:mavedb:00000115-a-6#1609,NA,NA,p.Asn86Gln,0.02426414,0.22051398
urn:mavedb:00000115-a-6#1610,NA,NA,p.Asn86Arg,0.10034915,0.13508497
urn:mavedb:00000115-a-6#1611,NA,NA,p.Asn86Ser,-0.008405273,0.05033063
urn:mavedb:00000115-a-6#1612,NA,NA,p.Asn86Thr,-0.2519833,0.7728815
urn:mavedb:00000115-a-6#1613,NA,NA,p.Asn86Val,0.2900115,0.13850187
urn:mavedb:00000115-a-6#1614,NA,NA,p.Asn86Trp,0.84322166,0.24295104
urn:mavedb:00000115-a-6#1615,NA,NA,p.Asn86Tyr,0.6466219,0.114617236
urn:mavedb:00000115-a-6#1616,NA,NA,p.Thr87Ala,-0.16856173,0.14328605
urn:mavedb:00000115-a-6#1617,NA,NA,p.Thr87Cys,0.2762356,0.41430697
urn:mavedb:00000115-a-6#1618,NA,NA,p.Thr87Asp,NA,NA
urn:mavedb:00000115-a-6#1619,NA,NA,p.Thr87Glu,-0.21143313,0.31430447
urn:mavedb:00000115-a-6#1620,NA,NA,p.Thr87Phe,NA,NA
urn:mavedb:00000115-a-6#1621,NA,NA,p.Thr87Gly,0.085787445,0.10265148
urn:mavedb:00000115-a-6#1622,NA,NA,p.Thr87His,NA,NA
urn:mavedb:00000115-a-6#1623,NA,NA,p.Thr87Ile,NA,NA
urn:mavedb:00000115-a-6#1624,NA,NA,p.Thr87Lys,NA,NA
urn:mavedb:00000115-a-6#1625,NA,NA,p.Thr87Leu,NA,NA
urn:mavedb:00000115-a-6#1626,NA,NA,p.Thr87Met,NA,NA
urn:mavedb:00000115-a-6#1627,NA,NA,p.Thr87Asn,0.095169336,0.1495534
urn:mavedb:00000115-a-6#1628,NA,NA,p.Thr87Pro,0.19587034,0.14780712
urn:mavedb:00000115-a-6#1629,NA,NA,p.Thr87Gln,NA,NA
urn:mavedb:00000115-a-6#1630,NA,NA,p.Thr87Arg,0.003892657,0.15101764
urn:mavedb:00000115-a-6#1631,NA,NA,p.Thr87Ser,0.07315325,0.11964115
urn:mavedb:00000115-a-6#1632,NA,NA,p.Thr87Val,-0.23184685,0.3539593
urn:mavedb:00000115-a-6#1633,NA,NA,p.Thr87Trp,NA,NA
urn:mavedb:00000115-a-6#1634,NA,NA,p.Thr87Tyr,NA,NA
urn:mavedb:00000115-a-6#1635,NA,NA,p.Lys88Ala,-0.025085522,0.08854242
urn:mavedb:00000115-a-6#1636,NA,NA,p.Lys88Cys,0.08905579,0.19726442
urn:mavedb:00000115-a-6#1637,NA,NA,p.Lys88Asp,-0.27287722,0.16671221
urn:mavedb:00000115-a-6#1638,NA,NA,p.Lys88Glu,-0.10925683,0.10660546
urn:mavedb:00000115-a-6#1639,NA,NA,p.Lys88Phe,-0.44933203,0.36175618
urn:mavedb:00000115-a-6#1640,NA,NA,p.Lys88Gly,0.059467513,0.03551149
urn:mavedb:00000115-a-6#1641,NA,NA,p.Lys88His,NA,NA
urn:mavedb:00000115-a-6#1642,NA,NA,p.Lys88Ile,0.17846629,0.18269342
urn:mavedb:00000115-a-6#1643,NA,NA,p.Lys88Leu,0.08078638,0.12839791
urn:mavedb:00000115-a-6#1644,NA,NA,p.Lys88Met,0.11825627,0.110753186
urn:mavedb:00000115-a-6#1645,NA,NA,p.Lys88Asn,-0.039200623,0.16578703
urn:mavedb:00000115-a-6#1646,NA,NA,p.Lys88Pro,-0.7339041,0.46241528
urn:mavedb:00000115-a-6#1647,NA,NA,p.Lys88Gln,-0.082525924,0.1703024
urn:mavedb:00000115-a-6#1648,NA,NA,p.Lys88Arg,-0.126275,0.09753497
urn:mavedb:00000115-a-6#1649,NA,NA,p.Lys88Ser,-0.22794276,0.19806431
urn:mavedb:00000115-a-6#1650,NA,NA,p.Lys88Thr,-0.18511015,0.13081488
urn:mavedb:00000115-a-6#1651,NA,NA,p.Lys88Val,-0.13416485,0.16630016
urn:mavedb:00000115-a-6#1652,NA,NA,p.Lys88Trp,-0.04844081,0.1281111
urn:mavedb:00000115-a-6#1653,NA,NA,p.Lys88Tyr,0.68328494,0.095378086
urn:mavedb:00000115-a-6#1654,NA,NA,p.Ser89Ala,-0.0078271115,0.12838961
urn:mavedb:00000115-a-6#1655,NA,NA,p.Ser89Cys,-0.0062273834,0.2458054
urn:mavedb:00000115-a-6#1656,NA,NA,p.Ser89Asp,-0.24054204,0.29478568
urn:mavedb:00000115-a-6#1657,NA,NA,p.Ser89Glu,NA,NA
urn:mavedb:00000115-a-6#1658,NA,NA,p.Ser89Phe,NA,NA
urn:mavedb:00000115-a-6#1659,NA,NA,p.Ser89Gly,-0.012777017,0.07276332
urn:mavedb:00000115-a-6#1660,NA,NA,p.Ser89His,NA,NA
urn:mavedb:00000115-a-6#1661,NA,NA,p.Ser89Ile,NA,NA
urn:mavedb:00000115-a-6#1662,NA,NA,p.Ser89Lys,NA,NA
urn:mavedb:00000115-a-6#1663,NA,NA,p.Ser89Leu,0.5479998,0.27967244
urn:mavedb:00000115-a-6#1664,NA,NA,p.Ser89Met,NA,NA
urn:mavedb:00000115-a-6#1665,NA,NA,p.Ser89Asn,NA,NA
urn:mavedb:00000115-a-6#1666,NA,NA,p.Ser89Pro,NA,NA
urn:mavedb:00000115-a-6#1667,NA,NA,p.Ser89Gln,NA,NA
urn:mavedb:00000115-a-6#1668,NA,NA,p.Ser89Arg,-0.13036825,0.18833709
urn:mavedb:00000115-a-6#1669,NA,NA,p.Ser89Thr,NA,NA
urn:mavedb:00000115-a-6#1670,NA,NA,p.Ser89Val,-0.03779326,0.13438025
urn:mavedb:00000115-a-6#1671,NA,NA,p.Ser89Trp,NA,NA
urn:mavedb:00000115-a-6#1672,NA,NA,p.Ser89Tyr,0.48774305,0.34810048
urn:mavedb:00000115-a-6#1673,NA,NA,p.Phe90Ala,NA,NA
urn:mavedb:00000115-a-6#1674,NA,NA,p.Phe90Cys,-0.01272507,0.10189694
urn:mavedb:00000115-a-6#1675,NA,NA,p.Phe90Asp,-0.055286758,0.21109541
urn:mavedb:00000115-a-6#1676,NA,NA,p.Phe90Glu,-0.053550307,0.12046249
urn:mavedb:00000115-a-6#1677,NA,NA,p.Phe90Gly,0.069400385,0.0986213
urn:mavedb:00000115-a-6#1678,NA,NA,p.Phe90His,-0.7290543,0.67707187
urn:mavedb:00000115-a-6#1679,NA,NA,p.Phe90Ile,0.0005547515,0.12809952
urn:mavedb:00000115-a-6#1680,NA,NA,p.Phe90Lys,NA,NA
urn:mavedb:00000115-a-6#1681,NA,NA,p.Phe90Leu,-0.056396376,0.09612975
urn:mavedb:00000115-a-6#1682,NA,NA,p.Phe90Met,-0.11217805,0.16652648
urn:mavedb:00000115-a-6#1683,NA,NA,p.Phe90Asn,-0.16001093,0.18117002
urn:mavedb:00000115-a-6#1684,NA,NA,p.Phe90Pro,NA,NA
urn:mavedb:00000115-a-6#1685,NA,NA,p.Phe90Gln,NA,NA
urn:mavedb:00000115-a-6#1686,NA,NA,p.Phe90Arg,-0.2964346,0.28061378
urn:mavedb:00000115-a-6#1687,NA,NA,p.Phe90Ser,0.1059545,0.21401826
urn:mavedb:00000115-a-6#1688,NA,NA,p.Phe90Thr,NA,NA
urn:mavedb:00000115-a-6#1689,NA,NA,p.Phe90Val,0.0013270796,0.06134277
urn:mavedb:00000115-a-6#1690,NA,NA,p.Phe90Trp,-0.0496683,0.08464203
urn:mavedb:00000115-a-6#1691,NA,NA,p.Phe90Tyr,-0.07676166,0.09776006
urn:mavedb:00000115-a-6#1692,NA,NA,p.Glu91Ala,0.03693601,0.34882018
urn:mavedb:00000115-a-6#1693,NA,NA,p.Glu91Cys,0.185547,0.2533014
urn:mavedb:00000115-a-6#1694,NA,NA,p.Glu91Asp,0.037010256,0.31351277
urn:mavedb:00000115-a-6#1695,NA,NA,p.Glu91Phe,NA,NA
urn:mavedb:00000115-a-6#1696,NA,NA,p.Glu91Gly,0.13148773,0.28136677
urn:mavedb:00000115-a-6#1697,NA,NA,p.Glu91His,NA,NA
urn:mavedb:00000115-a-6#1698,NA,NA,p.Glu91Ile,0.09993732,0.5815894
urn:mavedb:00000115-a-6#1699,NA,NA,p.Glu91Lys,NA,NA
urn:mavedb:00000115-a-6#1700,NA,NA,p.Glu91Leu,-0.1268151,0.25235456
urn:mavedb:00000115-a-6#1701,NA,NA,p.Glu91Met,NA,NA
urn:mavedb:00000115-a-6#1702,NA,NA,p.Glu91Asn,NA,NA
urn:mavedb:00000115-a-6#1703,NA,NA,p.Glu91Pro,0.4634809,0.3405921
urn:mavedb:00000115-a-6#1704,NA,NA,p.Glu91Gln,NA,NA
urn:mavedb:00000115-a-6#1705,NA,NA,p.Glu91Arg,-0.039367925,0.25796455
urn:mavedb:00000115-a-6#1706,NA,NA,p.Glu91Ser,NA,NA
urn:mavedb:00000115-a-6#1707,NA,NA,p.Glu91Thr,NA,NA
urn:mavedb:00000115-a-6#1708,NA,NA,p.Glu91Val,0.11548511,0.40001342
urn:mavedb:00000115-a-6#1709,NA,NA,p.Glu91Trp,0.5568005,0.12511595
urn:mavedb:00000115-a-6#1710,NA,NA,p.Glu91Tyr,0.2451081,0.40321764
urn:mavedb:00000115-a-6#1711,NA,NA,p.Asp92Ala,-0.01876989,0.05451977
urn:mavedb:00000115-a-6#1712,NA,NA,p.Asp92Cys,NA,NA
urn:mavedb:00000115-a-6#1713,NA,NA,p.Asp92Glu,-0.12629221,0.308721
urn:mavedb:00000115-a-6#1714,NA,NA,p.Asp92Phe,-0.06990181,0.29734465
urn:mavedb:00000115-a-6#1715,NA,NA,p.Asp92Gly,0.1438524,0.10882374
urn:mavedb:00000115-a-6#1716,NA,NA,p.Asp92His,0.29425535,0.27844468
urn:mavedb:00000115-a-6#1717,NA,NA,p.Asp92Ile,NA,NA
urn:mavedb:00000115-a-6#1718,NA,NA,p.Asp92Lys,NA,NA
urn:mavedb:00000115-a-6#1719,NA,NA,p.Asp92Leu,NA,NA
urn:mavedb:00000115-a-6#1720,NA,NA,p.Asp92Met,NA,NA
urn:mavedb:00000115-a-6#1721,NA,NA,p.Asp92Asn,NA,NA
urn:mavedb:00000115-a-6#1722,NA,NA,p.Asp92Pro,NA,NA
urn:mavedb:00000115-a-6#1723,NA,NA,p.Asp92Gln,NA,NA
urn:mavedb:00000115-a-6#1724,NA,NA,p.Asp92Arg,-0.4087497,0.14682943
urn:mavedb:00000115-a-6#1725,NA,NA,p.Asp92Ser,NA,NA
urn:mavedb:00000115-a-6#1726,NA,NA,p.Asp92Thr,NA,NA
urn:mavedb:00000115-a-6#1727,NA,NA,p.Asp92Val,0.2726304,0.17795709
urn:mavedb:00000115-a-6#1728,NA,NA,p.Asp92Trp,-0.79954046,0.47379327
urn:mavedb:00000115-a-6#1729,NA,NA,p.Asp92Tyr,0.16837995,0.16338955
urn:mavedb:00000115-a-6#1730,NA,NA,p.Ile93Ala,NA,NA
urn:mavedb:00000115-a-6#1731,NA,NA,p.Ile93Cys,NA,NA
urn:mavedb:00000115-a-6#1732,NA,NA,p.Ile93Asp,NA,NA
urn:mavedb:00000115-a-6#1733,NA,NA,p.Ile93Glu,NA,NA
urn:mavedb:00000115-a-6#1734,NA,NA,p.Ile93Phe,-0.15906188,0.1830494
urn:mavedb:00000115-a-6#1735,NA,NA,p.Ile93Gly,0.20547159,0.25907946
urn:mavedb:00000115-a-6#1736,NA,NA,p.Ile93His,1.0611203,0.20808886
urn:mavedb:00000115-a-6#1737,NA,NA,p.Ile93Lys,1.0147982,0.58476377
urn:mavedb:00000115-a-6#1738,NA,NA,p.Ile93Leu,-0.05396167,0.17691363
urn:mavedb:00000115-a-6#1739,NA,NA,p.Ile93Met,-0.28415003,0.45796767
urn:mavedb:00000115-a-6#1740,NA,NA,p.Ile93Asn,0.16109836,0.34520844
urn:mavedb:00000115-a-6#1741,NA,NA,p.Ile93Pro,NA,NA
urn:mavedb:00000115-a-6#1742,NA,NA,p.Ile93Gln,NA,NA
urn:mavedb:00000115-a-6#1743,NA,NA,p.Ile93Arg,0.46704444,0.2559907
urn:mavedb:00000115-a-6#1744,NA,NA,p.Ile93Ser,0.16740005,0.25920403
urn:mavedb:00000115-a-6#1745,NA,NA,p.Ile93Thr,-0.25137815,0.22084141
urn:mavedb:00000115-a-6#1746,NA,NA,p.Ile93Val,0.12936038,0.10634265
urn:mavedb:00000115-a-6#1747,NA,NA,p.Ile93Trp,NA,NA
urn:mavedb:00000115-a-6#1748,NA,NA,p.Ile93Tyr,-0.06492372,0.33304796
urn:mavedb:00000115-a-6#1749,NA,NA,p.His94Ala,-0.23587236,0.20202425
urn:mavedb:00000115-a-6#1750,NA,NA,p.His94Cys,NA,NA
urn:mavedb:00000115-a-6#1751,NA,NA,p.His94Asp,NA,NA
urn:mavedb:00000115-a-6#1752,NA,NA,p.His94Glu,NA,NA
urn:mavedb:00000115-a-6#1753,NA,NA,p.His94Phe,-0.22697504,0.22637302
urn:mavedb:00000115-a-6#1754,NA,NA,p.His94Gly,-0.14051807,0.19314626
urn:mavedb:00000115-a-6#1755,NA,NA,p.His94Ile,NA,NA
urn:mavedb:00000115-a-6#1756,NA,NA,p.His94Lys,NA,NA
urn:mavedb:00000115-a-6#1757,NA,NA,p.His94Leu,-0.18066163,0.0705062
urn:mavedb:00000115-a-6#1758,NA,NA,p.His94Met,NA,NA
urn:mavedb:00000115-a-6#1759,NA,NA,p.His94Asn,-0.98855036,0.27279076
urn:mavedb:00000115-a-6#1760,NA,NA,p.His94Pro,NA,NA
urn:mavedb:00000115-a-6#1761,NA,NA,p.His94Gln,-0.19380394,0.23058428
urn:mavedb:00000115-a-6#1762,NA,NA,p.His94Arg,-0.10558665,0.14305627
urn:mavedb:00000115-a-6#1763,NA,NA,p.His94Ser,NA,NA
urn:mavedb:00000115-a-6#1764,NA,NA,p.His94Thr,-0.16391428,0.5157743
urn:mavedb:00000115-a-6#1765,NA,NA,p.His94Val,NA,NA
urn:mavedb:00000115-a-6#1766,NA,NA,p.His94Trp,-0.16179878,0.2409609
urn:mavedb:00000115-a-6#1767,NA,NA,p.His94Tyr,NA,NA
urn:mavedb:00000115-a-6#1768,NA,NA,p.His95Ala,-0.4153371,0.25933507
urn:mavedb:00000115-a-6#1769,NA,NA,p.His95Cys,NA,NA
urn:mavedb:00000115-a-6#1770,NA,NA,p.His95Asp,-0.09699612,0.35825133
urn:mavedb:00000115-a-6#1771,NA,NA,p.His95Glu,NA,NA
urn:mavedb:00000115-a-6#1772,NA,NA,p.His95Phe,-0.25460872,0.21906288
urn:mavedb:00000115-a-6#1773,NA,NA,p.His95Gly,-0.08258617,0.16430344
urn:mavedb:00000115-a-6#1774,NA,NA,p.His95Ile,0.33371478,0.34505397
urn:mavedb:00000115-a-6#1775,NA,NA,p.His95Lys,-0.12646565,0.18225485
urn:mavedb:00000115-a-6#1776,NA,NA,p.His95Leu,0.03766081,0.106603354
urn:mavedb:00000115-a-6#1777,NA,NA,p.His95Met,0.18053918,0.40592968
urn:mavedb:00000115-a-6#1778,NA,NA,p.His95Asn,-0.12379993,0.14896785
urn:mavedb:00000115-a-6#1779,NA,NA,p.His95Pro,-0.18793519,0.22353576
urn:mavedb:00000115-a-6#1780,NA,NA,p.His95Gln,0.050729305,0.206891
urn:mavedb:00000115-a-6#1781,NA,NA,p.His95Arg,-0.16780873,0.026000937
urn:mavedb:00000115-a-6#1782,NA,NA,p.His95Ser,-0.24764074,0.17737179
urn:mavedb:00000115-a-6#1783,NA,NA,p.His95Thr,NA,NA
urn:mavedb:00000115-a-6#1784,NA,NA,p.His95Val,0.35373697,0.17784272
urn:mavedb:00000115-a-6#1785,NA,NA,p.His95Trp,0.099222384,0.19617113
urn:mavedb:00000115-a-6#1786,NA,NA,p.His95Tyr,0.068925716,0.2381877
urn:mavedb:00000115-a-6#1787,NA,NA,p.Tyr96Ala,-0.14285512,0.25942507
urn:mavedb:00000115-a-6#1788,NA,NA,p.Tyr96Cys,0.01576626,0.070537135
urn:mavedb:00000115-a-6#1789,NA,NA,p.Tyr96Asp,NA,NA
urn:mavedb:00000115-a-6#1790,NA,NA,p.Tyr96Glu,0.038622133,0.25477967
urn:mavedb:00000115-a-6#1791,NA,NA,p.Tyr96Phe,-0.12192221,0.21485157
urn:mavedb:00000115-a-6#1792,NA,NA,p.Tyr96Gly,0.44501224,0.24208786
urn:mavedb:00000115-a-6#1793,NA,NA,p.Tyr96His,0.08294578,0.22615546
urn:mavedb:00000115-a-6#1794,NA,NA,p.Tyr96Ile,NA,NA
urn:mavedb:00000115-a-6#1795,NA,NA,p.Tyr96Lys,NA,NA
urn:mavedb:00000115-a-6#1796,NA,NA,p.Tyr96Leu,-0.3959584,0.25452858
urn:mavedb:00000115-a-6#1797,NA,NA,p.Tyr96Met,NA,NA
urn:mavedb:00000115-a-6#1798,NA,NA,p.Tyr96Asn,NA,NA
urn:mavedb:00000115-a-6#1799,NA,NA,p.Tyr96Pro,0.24925339,0.38059154
urn:mavedb:00000115-a-6#1800,NA,NA,p.Tyr96Gln,NA,NA
urn:mavedb:00000115-a-6#1801,NA,NA,p.Tyr96Arg,0.062947564,0.21881337
urn:mavedb:00000115-a-6#1802,NA,NA,p.Tyr96Ser,0.14505683,0.30139577
urn:mavedb:00000115-a-6#1803,NA,NA,p.Tyr96Thr,0.05601107,0.3348086
urn:mavedb:00000115-a-6#1804,NA,NA,p.Tyr96Val,-0.558084,0.102579005
urn:mavedb:00000115-a-6#1805,NA,NA,p.Tyr96Trp,-0.12267498,0.13288379
urn:mavedb:00000115-a-6#1806,NA,NA,p.Arg97Ala,-0.023510193,0.13154368
urn:mavedb:00000115-a-6#1807,NA,NA,p.Arg97Cys,-0.47556776,0.19172046
urn:mavedb:00000115-a-6#1808,NA,NA,p.Arg97Asp,-0.21814053,0.297384
urn:mavedb:00000115-a-6#1809,NA,NA,p.Arg97Glu,0.17341878,0.35393426
urn:mavedb:00000115-a-6#1810,NA,NA,p.Arg97Phe,-0.5082391,0.15514956
urn:mavedb:00000115-a-6#1811,NA,NA,p.Arg97Gly,-0.11675111,0.13762236
urn:mavedb:00000115-a-6#1812,NA,NA,p.Arg97His,-0.1875189,0.21722345
urn:mavedb:00000115-a-6#1813,NA,NA,p.Arg97Ile,-1.3740641,0.35165355
urn:mavedb:00000115-a-6#1814,NA,NA,p.Arg97Lys,NA,NA
urn:mavedb:00000115-a-6#1815,NA,NA,p.Arg97Leu,-0.56548256,0.18540826
urn:mavedb:00000115-a-6#1816,NA,NA,p.Arg97Met,-0.5684592,0.25572455
urn:mavedb:00000115-a-6#1817,NA,NA,p.Arg97Asn,0.12780467,0.2089929
urn:mavedb:00000115-a-6#1818,NA,NA,p.Arg97Pro,0.3877795,0.23722056
urn:mavedb:00000115-a-6#1819,NA,NA,p.Arg97Gln,0.14552626,0.10494206
urn:mavedb:00000115-a-6#1820,NA,NA,p.Arg97Ser,-0.017629653,0.09059116
urn:mavedb:00000115-a-6#1821,NA,NA,p.Arg97Thr,-0.15763414,0.1367847
urn:mavedb:00000115-a-6#1822,NA,NA,p.Arg97Val,-0.5093656,0.48767567
urn:mavedb:00000115-a-6#1823,NA,NA,p.Arg97Trp,-0.29838607,0.1321627
urn:mavedb:00000115-a-6#1824,NA,NA,p.Arg97Tyr,-0.06816662,0.2722131
urn:mavedb:00000115-a-6#1825,NA,NA,p.Glu98Ala,0.22849627,0.06317489
urn:mavedb:00000115-a-6#1826,NA,NA,p.Glu98Cys,0.20297788,0.15349917
urn:mavedb:00000115-a-6#1827,NA,NA,p.Glu98Asp,0.085878305,0.039598394
urn:mavedb:00000115-a-6#1828,NA,NA,p.Glu98Phe,0.24159192,0.29294372
urn:mavedb:00000115-a-6#1829,NA,NA,p.Glu98Gly,0.24836172,0.08158964
urn:mavedb:00000115-a-6#1830,NA,NA,p.Glu98His,0.25054526,0.12166246
urn:mavedb:00000115-a-6#1831,NA,NA,p.Glu98Ile,0.81907594,0.37254316
urn:mavedb:00000115-a-6#1832,NA,NA,p.Glu98Lys,0.43333736,0.15505148
urn:mavedb:00000115-a-6#1833,NA,NA,p.Glu98Leu,0.4999851,0.10636479
urn:mavedb:00000115-a-6#1834,NA,NA,p.Glu98Met,0.048578106,0.18310614
urn:mavedb:00000115-a-6#1835,NA,NA,p.Glu98Asn,-0.16399163,0.19386768
urn:mavedb:00000115-a-6#1836,NA,NA,p.Glu98Pro,0.61386514,0.38540843
urn:mavedb:00000115-a-6#1837,NA,NA,p.Glu98Gln,0.047189906,0.12222703
urn:mavedb:00000115-a-6#1838,NA,NA,p.Glu98Arg,-0.18177915,0.14144954
urn:mavedb:00000115-a-6#1839,NA,NA,p.Glu98Ser,0.1222611,0.1451205
urn:mavedb:00000115-a-6#1840,NA,NA,p.Glu98Thr,0.2387124,0.10698182
urn:mavedb:00000115-a-6#1841,NA,NA,p.Glu98Val,0.6108676,0.11550334
urn:mavedb:00000115-a-6#1842,NA,NA,p.Glu98Trp,0.8230767,0.309466
urn:mavedb:00000115-a-6#1843,NA,NA,p.Glu98Tyr,0.3235511,0.25552052
urn:mavedb:00000115-a-6#1844,NA,NA,p.Gln99Ala,-0.2226132,0.32229283
urn:mavedb:00000115-a-6#1845,NA,NA,p.Gln99Cys,NA,NA
urn:mavedb:00000115-a-6#1846,NA,NA,p.Gln99Asp,NA,NA
urn:mavedb:00000115-a-6#1847,NA,NA,p.Gln99Glu,NA,NA
urn:mavedb:00000115-a-6#1848,NA,NA,p.Gln99Phe,NA,NA
urn:mavedb:00000115-a-6#1849,NA,NA,p.Gln99Gly,0.27237567,0.26567778
urn:mavedb:00000115-a-6#1850,NA,NA,p.Gln99His,0.0052324943,0.118954666
urn:mavedb:00000115-a-6#1851,NA,NA,p.Gln99Ile,-0.29287213,0.23477104
urn:mavedb:00000115-a-6#1852,NA,NA,p.Gln99Lys,NA,NA
urn:mavedb:00000115-a-6#1853,NA,NA,p.Gln99Leu,-0.19992194,0.15322682
urn:mavedb:00000115-a-6#1854,NA,NA,p.Gln99Met,-0.458679,0.20095444
urn:mavedb:00000115-a-6#1855,NA,NA,p.Gln99Asn,NA,NA
urn:mavedb:00000115-a-6#1856,NA,NA,p.Gln99Pro,1.0017748,0.40858185
urn:mavedb:00000115-a-6#1857,NA,NA,p.Gln99Arg,-0.004848687,0.19601636
urn:mavedb:00000115-a-6#1858,NA,NA,p.Gln99Ser,-0.29300812,0.12662034
urn:mavedb:00000115-a-6#1859,NA,NA,p.Gln99Thr,NA,NA
urn:mavedb:00000115-a-6#1860,NA,NA,p.Gln99Val,-0.043916162,0.08797958
urn:mavedb:00000115-a-6#1861,NA,NA,p.Gln99Trp,-0.06922348,0.14536344
urn:mavedb:00000115-a-6#1862,NA,NA,p.Gln99Tyr,-0.23702873,0.2530866
urn:mavedb:00000115-a-6#1863,NA,NA,p.Ile100Ala,0.27396747,0.1547236
urn:mavedb:00000115-a-6#1864,NA,NA,p.Ile100Cys,-0.1442136,0.22132769
urn:mavedb:00000115-a-6#1865,NA,NA,p.Ile100Asp,0.03871596,0.25472465
urn:mavedb:00000115-a-6#1866,NA,NA,p.Ile100Glu,0.23491403,0.24894086
urn:mavedb:00000115-a-6#1867,NA,NA,p.Ile100Phe,0.09000309,0.09322232
urn:mavedb:00000115-a-6#1868,NA,NA,p.Ile100Gly,0.35915077,0.2099327
urn:mavedb:00000115-a-6#1869,NA,NA,p.Ile100His,-0.18444102,0.21023703
urn:mavedb:00000115-a-6#1870,NA,NA,p.Ile100Lys,0.6032686,0.54939806
urn:mavedb:00000115-a-6#1871,NA,NA,p.Ile100Leu,-0.23108557,0.09183562
urn:mavedb:00000115-a-6#1872,NA,NA,p.Ile100Met,0.041008268,0.17835675
urn:mavedb:00000115-a-6#1873,NA,NA,p.Ile100Asn,0.5944339,0.25878513
urn:mavedb:00000115-a-6#1874,NA,NA,p.Ile100Pro,0.25301692,0.49892086
urn:mavedb:00000115-a-6#1875,NA,NA,p.Ile100Gln,NA,NA
urn:mavedb:00000115-a-6#1876,NA,NA,p.Ile100Arg,0.37775764,0.18952556
urn:mavedb:00000115-a-6#1877,NA,NA,p.Ile100Ser,0.058732145,0.1650928
urn:mavedb:00000115-a-6#1878,NA,NA,p.Ile100Thr,0.023820866,0.21819034
urn:mavedb:00000115-a-6#1879,NA,NA,p.Ile100Val,-0.0986182,0.08600736
urn:mavedb:00000115-a-6#1880,NA,NA,p.Ile100Trp,0.021940354,0.13825494
urn:mavedb:00000115-a-6#1881,NA,NA,p.Ile100Tyr,-0.13995664,0.3387494
urn:mavedb:00000115-a-6#1882,NA,NA,p.Lys101Ala,-0.082461216,0.09399764
urn:mavedb:00000115-a-6#1883,NA,NA,p.Lys101Cys,-0.22446845,0.27486435
urn:mavedb:00000115-a-6#1884,NA,NA,p.Lys101Asp,0.23450859,0.18708846
urn:mavedb:00000115-a-6#1885,NA,NA,p.Lys101Glu,-0.04912349,0.143112
urn:mavedb:00000115-a-6#1886,NA,NA,p.Lys101Phe,0.116576836,0.14738514
urn:mavedb:00000115-a-6#1887,NA,NA,p.Lys101Gly,-0.03184005,0.11228522
urn:mavedb:00000115-a-6#1888,NA,NA,p.Lys101His,-0.2725098,0.29795063
urn:mavedb:00000115-a-6#1889,NA,NA,p.Lys101Ile,0.035671305,0.12878413
urn:mavedb:00000115-a-6#1890,NA,NA,p.Lys101Leu,-0.05434189,0.099586695
urn:mavedb:00000115-a-6#1891,NA,NA,p.Lys101Met,-0.016781246,0.08517368
urn:mavedb:00000115-a-6#1892,NA,NA,p.Lys101Asn,0.097798705,0.1384911
urn:mavedb:00000115-a-6#1893,NA,NA,p.Lys101Pro,0.6146546,0.28519827
urn:mavedb:00000115-a-6#1894,NA,NA,p.Lys101Gln,NA,NA
urn:mavedb:00000115-a-6#1895,NA,NA,p.Lys101Arg,-0.04848082,0.0075606364
urn:mavedb:00000115-a-6#1896,NA,NA,p.Lys101Ser,-0.12527788,0.13134427
urn:mavedb:00000115-a-6#1897,NA,NA,p.Lys101Thr,0.014495747,0.22121042
urn:mavedb:00000115-a-6#1898,NA,NA,p.Lys101Val,-0.09892312,0.13424374
urn:mavedb:00000115-a-6#1899,NA,NA,p.Lys101Trp,-0.1483886,0.18511023
urn:mavedb:00000115-a-6#1900,NA,NA,p.Lys101Tyr,-0.20035373,0.1735817
urn:mavedb:00000115-a-6#1901,NA,NA,p.Arg102Ala,0.008359405,0.134834
urn:mavedb:00000115-a-6#1902,NA,NA,p.Arg102Cys,-0.28237948,0.19624348
urn:mavedb:00000115-a-6#1903,NA,NA,p.Arg102Asp,-0.106539465,0.35318217
urn:mavedb:00000115-a-6#1904,NA,NA,p.Arg102Glu,-0.094793856,0.1731723
urn:mavedb:00000115-a-6#1905,NA,NA,p.Arg102Phe,0.16625609,0.0894892
urn:mavedb:00000115-a-6#1906,NA,NA,p.Arg102Gly,0.12626447,0.08084587
urn:mavedb:00000115-a-6#1907,NA,NA,p.Arg102His,-0.21026534,0.15919541
urn:mavedb:00000115-a-6#1908,NA,NA,p.Arg102Ile,0.013428175,0.20223385
urn:mavedb:00000115-a-6#1909,NA,NA,p.Arg102Lys,-0.6077747,0.23639181
urn:mavedb:00000115-a-6#1910,NA,NA,p.Arg102Leu,0.01736448,0.10579544
urn:mavedb:00000115-a-6#1911,NA,NA,p.Arg102Met,0.07756701,0.15676035
urn:mavedb:00000115-a-6#1912,NA,NA,p.Arg102Asn,-0.017882017,0.18328334
urn:mavedb:00000115-a-6#1913,NA,NA,p.Arg102Pro,0.39406636,0.27953225
urn:mavedb:00000115-a-6#1914,NA,NA,p.Arg102Gln,-0.053853553,0.2627077
urn:mavedb:00000115-a-6#1915,NA,NA,p.Arg102Ser,0.08587791,0.07309817
urn:mavedb:00000115-a-6#1916,NA,NA,p.Arg102Thr,-0.027372913,0.18829815
urn:mavedb:00000115-a-6#1917,NA,NA,p.Arg102Val,0.16516754,0.09964533
urn:mavedb:00000115-a-6#1918,NA,NA,p.Arg102Trp,-0.5670969,0.17134964
urn:mavedb:00000115-a-6#1919,NA,NA,p.Arg102Tyr,0.1813384,0.24774967
urn:mavedb:00000115-a-6#1920,NA,NA,p.Val103Ala,0.030726982,0.1344741
urn:mavedb:00000115-a-6#1921,NA,NA,p.Val103Cys,-0.24875766,0.14927687
urn:mavedb:00000115-a-6#1922,NA,NA,p.Val103Asp,0.08758475,0.18172246
urn:mavedb:00000115-a-6#1923,NA,NA,p.Val103Glu,-0.51932734,0.22653198
urn:mavedb:00000115-a-6#1924,NA,NA,p.Val103Phe,-0.32892546,0.08955811
urn:mavedb:00000115-a-6#1925,NA,NA,p.Val103Gly,0.18058263,0.10796616
urn:mavedb:00000115-a-6#1926,NA,NA,p.Val103His,-0.035027098,0.12784182
urn:mavedb:00000115-a-6#1927,NA,NA,p.Val103Ile,-0.19793491,0.12715577
urn:mavedb:00000115-a-6#1928,NA,NA,p.Val103Lys,0.28228363,0.25286084
urn:mavedb:00000115-a-6#1929,NA,NA,p.Val103Leu,-0.20290095,0.09808631
urn:mavedb:00000115-a-6#1930,NA,NA,p.Val103Met,-0.22707748,0.2293643
urn:mavedb:00000115-a-6#1931,NA,NA,p.Val103Asn,0.17388481,0.09660443
urn:mavedb:00000115-a-6#1932,NA,NA,p.Val103Pro,0.26179817,0.31350783
urn:mavedb:00000115-a-6#1933,NA,NA,p.Val103Gln,0.009636627,0.2670283
urn:mavedb:00000115-a-6#1934,NA,NA,p.Val103Arg,-0.044190723,0.10023554
urn:mavedb:00000115-a-6#1935,NA,NA,p.Val103Ser,0.037924588,0.10091941
urn:mavedb:00000115-a-6#1936,NA,NA,p.Val103Thr,-0.45358685,0.19175334
urn:mavedb:00000115-a-6#1937,NA,NA,p.Val103Trp,-0.45483384,0.18580717
urn:mavedb:00000115-a-6#1938,NA,NA,p.Val103Tyr,0.024860322,0.1885154
urn:mavedb:00000115-a-6#1939,NA,NA,p.Lys104Ala,-0.32303953,0.21500863
urn:mavedb:00000115-a-6#1940,NA,NA,p.Lys104Cys,-0.5538135,0.14219028
urn:mavedb:00000115-a-6#1941,NA,NA,p.Lys104Asp,-0.18742046,0.21048665
urn:mavedb:00000115-a-6#1942,NA,NA,p.Lys104Glu,0.2428206,0.09236173
urn:mavedb:00000115-a-6#1943,NA,NA,p.Lys104Phe,-0.5361654,0.14585586
urn:mavedb:00000115-a-6#1944,NA,NA,p.Lys104Gly,-0.0514398,0.06586779
urn:mavedb:00000115-a-6#1945,NA,NA,p.Lys104His,-0.022950247,0.26000986
urn:mavedb:00000115-a-6#1946,NA,NA,p.Lys104Ile,-0.15982404,0.123307414
urn:mavedb:00000115-a-6#1947,NA,NA,p.Lys104Leu,-0.13147649,0.09595417
urn:mavedb:00000115-a-6#1948,NA,NA,p.Lys104Met,-0.17417152,0.11970061
urn:mavedb:00000115-a-6#1949,NA,NA,p.Lys104Asn,-0.21948639,0.119157836
urn:mavedb:00000115-a-6#1950,NA,NA,p.Lys104Pro,0.16591707,0.184516
urn:mavedb:00000115-a-6#1951,NA,NA,p.Lys104Gln,-0.082279,0.07127793
urn:mavedb:00000115-a-6#1952,NA,NA,p.Lys104Arg,-0.04963451,0.068851
urn:mavedb:00000115-a-6#1953,NA,NA,p.Lys104Ser,-0.10448437,0.086353466
urn:mavedb:00000115-a-6#1954,NA,NA,p.Lys104Thr,-0.3265473,0.051419403
urn:mavedb:00000115-a-6#1955,NA,NA,p.Lys104Val,-0.12658773,0.08662345
urn:mavedb:00000115-a-6#1956,NA,NA,p.Lys104Trp,-0.23523214,0.10327121
urn:mavedb:00000115-a-6#1957,NA,NA,p.Lys104Tyr,-0.20210166,0.1995725
urn:mavedb:00000115-a-6#1958,NA,NA,p.Asp105Ala,0.09897976,0.036508627
urn:mavedb:00000115-a-6#1959,NA,NA,p.Asp105Cys,-0.007531742,0.14729594
urn:mavedb:00000115-a-6#1960,NA,NA,p.Asp105Glu,0.015954662,0.032684345
urn:mavedb:00000115-a-6#1961,NA,NA,p.Asp105Phe,-0.15949272,0.19274823
urn:mavedb:00000115-a-6#1962,NA,NA,p.Asp105Gly,-0.09410315,0.03796886
urn:mavedb:00000115-a-6#1963,NA,NA,p.Asp105His,-0.061926853,0.25407022
urn:mavedb:00000115-a-6#1964,NA,NA,p.Asp105Ile,0.010717327,0.26412678
urn:mavedb:00000115-a-6#1965,NA,NA,p.Asp105Lys,-0.14858276,0.2051067
urn:mavedb:00000115-a-6#1966,NA,NA,p.Asp105Leu,-0.12416437,0.08626424
urn:mavedb:00000115-a-6#1967,NA,NA,p.Asp105Met,-0.38855985,0.28392783
urn:mavedb:00000115-a-6#1968,NA,NA,p.Asp105Asn,0.16151503,0.16240908
urn:mavedb:00000115-a-6#1969,NA,NA,p.Asp105Pro,-0.021716014,0.12921813
urn:mavedb:00000115-a-6#1970,NA,NA,p.Asp105Gln,0.08541423,0.12943314
urn:mavedb:00000115-a-6#1971,NA,NA,p.Asp105Arg,0.0965441,0.062036242
urn:mavedb:00000115-a-6#1972,NA,NA,p.Asp105Ser,-0.18710062,0.25706202
urn:mavedb:00000115-a-6#1973,NA,NA,p.Asp105Thr,0.172058,0.17260018
urn:mavedb:00000115-a-6#1974,NA,NA,p.Asp105Val,0.3397826,0.06526319
urn:mavedb:00000115-a-6#1975,NA,NA,p.Asp105Trp,0.40573466,0.12560046
urn:mavedb:00000115-a-6#1976,NA,NA,p.Asp105Tyr,0.08341979,0.16469212
urn:mavedb:00000115-a-6#1977,NA,NA,p.Ser106Ala,-0.06509375,0.059828136
urn:mavedb:00000115-a-6#1978,NA,NA,p.Ser106Cys,0.032176092,0.047497734
urn:mavedb:00000115-a-6#1979,NA,NA,p.Ser106Asp,-0.16064988,0.068317324
urn:mavedb:00000115-a-6#1980,NA,NA,p.Ser106Glu,-0.05561154,0.1108632
urn:mavedb:00000115-a-6#1981,NA,NA,p.Ser106Phe,0.020763583,0.061274722
urn:mavedb:00000115-a-6#1982,NA,NA,p.Ser106Gly,-0.17209092,0.044659767
urn:mavedb:00000115-a-6#1983,NA,NA,p.Ser106His,-0.113896705,0.1316299
urn:mavedb:00000115-a-6#1984,NA,NA,p.Ser106Ile,-0.007901394,0.111652955
urn:mavedb:00000115-a-6#1985,NA,NA,p.Ser106Lys,-0.035640754,0.06591297
urn:mavedb:00000115-a-6#1986,NA,NA,p.Ser106Leu,-0.023611281,0.04190485
urn:mavedb:00000115-a-6#1987,NA,NA,p.Ser106Met,-0.21755762,0.124273814
urn:mavedb:00000115-a-6#1988,NA,NA,p.Ser106Asn,-0.06559808,0.07104454
urn:mavedb:00000115-a-6#1989,NA,NA,p.Ser106Pro,0.15028283,0.09944265
urn:mavedb:00000115-a-6#1990,NA,NA,p.Ser106Gln,-0.11008558,0.09333625
urn:mavedb:00000115-a-6#1991,NA,NA,p.Ser106Arg,-0.056755327,0.035978284
urn:mavedb:00000115-a-6#1992,NA,NA,p.Ser106Thr,-0.06510955,0.06936589
urn:mavedb:00000115-a-6#1993,NA,NA,p.Ser106Val,-0.07999183,0.055328302
urn:mavedb:00000115-a-6#1994,NA,NA,p.Ser106Trp,-0.034727722,0.06060305
urn:mavedb:00000115-a-6#1995,NA,NA,p.Ser106Tyr,-0.004895615,0.05619165
urn:mavedb:00000115-a-6#1996,NA,NA,p.Glu107Ala,0.064462885,0.038888365
urn:mavedb:00000115-a-6#1997,NA,NA,p.Glu107Cys,0.015150963,0.069109805
urn:mavedb:00000115-a-6#1998,NA,NA,p.Glu107Asp,-0.043647557,0.10201733
urn:mavedb:00000115-a-6#1999,NA,NA,p.Glu107Phe,0.021483257,0.082187966
urn:mavedb:00000115-a-6#2000,NA,NA,p.Glu107Gly,0.03226201,0.036508683
urn:mavedb:00000115-a-6#2001,NA,NA,p.Glu107His,0.15852804,0.09067039
urn:mavedb:00000115-a-6#2002,NA,NA,p.Glu107Ile,0.031180242,0.06854632
urn:mavedb:00000115-a-6#2003,NA,NA,p.Glu107Lys,-0.039253026,0.10209226
urn:mavedb:00000115-a-6#2004,NA,NA,p.Glu107Leu,0.023175165,0.06284533
urn:mavedb:00000115-a-6#2005,NA,NA,p.Glu107Met,-0.08406066,0.105709106
urn:mavedb:00000115-a-6#2006,NA,NA,p.Glu107Asn,0.024868747,0.08855925
urn:mavedb:00000115-a-6#2007,NA,NA,p.Glu107Pro,-0.006850358,0.10286158
urn:mavedb:00000115-a-6#2008,NA,NA,p.Glu107Gln,0.16189289,0.0809672
urn:mavedb:00000115-a-6#2009,NA,NA,p.Glu107Arg,0.019113516,0.08316902
urn:mavedb:00000115-a-6#2010,NA,NA,p.Glu107Ser,-0.0062700347,0.08126336
urn:mavedb:00000115-a-6#2011,NA,NA,p.Glu107Thr,0.019888233,0.11721728
urn:mavedb:00000115-a-6#2012,NA,NA,p.Glu107Val,0.036935456,0.042822745
urn:mavedb:00000115-a-6#2013,NA,NA,p.Glu107Trp,0.09086509,0.0795241
urn:mavedb:00000115-a-6#2014,NA,NA,p.Glu107Tyr,-0.06411797,0.094157934
urn:mavedb:00000115-a-6#2015,NA,NA,p.Asp108Ala,0.0044492097,0.062050894
urn:mavedb:00000115-a-6#2016,NA,NA,p.Asp108Cys,0.036384054,0.08461558
urn:mavedb:00000115-a-6#2017,NA,NA,p.Asp108Glu,0.040444307,0.069523424
urn:mavedb:00000115-a-6#2018,NA,NA,p.Asp108Phe,0.07270831,0.047029994
urn:mavedb:00000115-a-6#2019,NA,NA,p.Asp108Gly,0.09016289,0.02895742
urn:mavedb:00000115-a-6#2020,NA,NA,p.Asp108His,0.038761087,0.17922868
urn:mavedb:00000115-a-6#2021,NA,NA,p.Asp108Ile,0.1972139,0.1291246
urn:mavedb:00000115-a-6#2022,NA,NA,p.Asp108Lys,-0.07122161,0.25536722
urn:mavedb:00000115-a-6#2023,NA,NA,p.Asp108Leu,0.12951925,0.09480971
urn:mavedb:00000115-a-6#2024,NA,NA,p.Asp108Met,-0.00021621765,0.120811954
urn:mavedb:00000115-a-6#2025,NA,NA,p.Asp108Asn,0.12459206,0.08705876
urn:mavedb:00000115-a-6#2026,NA,NA,p.Asp108Pro,0.021955213,0.22573443
urn:mavedb:00000115-a-6#2027,NA,NA,p.Asp108Gln,0.14540853,0.17991209
urn:mavedb:00000115-a-6#2028,NA,NA,p.Asp108Arg,0.049112204,0.075660914
urn:mavedb:00000115-a-6#2029,NA,NA,p.Asp108Ser,0.06736838,0.056407083
urn:mavedb:00000115-a-6#2030,NA,NA,p.Asp108Thr,0.06858496,0.1522436
urn:mavedb:00000115-a-6#2031,NA,NA,p.Asp108Val,0.1421304,0.049702488
urn:mavedb:00000115-a-6#2032,NA,NA,p.Asp108Trp,0.26985002,0.0541657
urn:mavedb:00000115-a-6#2033,NA,NA,p.Asp108Tyr,0.060919937,0.06143096
urn:mavedb:00000115-a-6#2034,NA,NA,p.Val109Ala,0.03248685,0.09109127
urn:mavedb:00000115-a-6#2035,NA,NA,p.Val109Cys,0.012628933,0.0737101
urn:mavedb:00000115-a-6#2036,NA,NA,p.Val109Asp,0.5207323,0.28015965
urn:mavedb:00000115-a-6#2037,NA,NA,p.Val109Glu,0.3856717,0.108544774
urn:mavedb:00000115-a-6#2038,NA,NA,p.Val109Phe,-0.053868324,0.07704843
urn:mavedb:00000115-a-6#2039,NA,NA,p.Val109Gly,0.39865547,0.07035947
urn:mavedb:00000115-a-6#2040,NA,NA,p.Val109His,0.5306673,0.079509564
urn:mavedb:00000115-a-6#2041,NA,NA,p.Val109Ile,-0.05436936,0.07829606
urn:mavedb:00000115-a-6#2042,NA,NA,p.Val109Lys,0.07324704,0.17602928
urn:mavedb:00000115-a-6#2043,NA,NA,p.Val109Leu,0.10034595,0.06799183
urn:mavedb:00000115-a-6#2044,NA,NA,p.Val109Met,0.09364315,0.070676245
urn:mavedb:00000115-a-6#2045,NA,NA,p.Val109Asn,0.0710272,0.24340351
urn:mavedb:00000115-a-6#2046,NA,NA,p.Val109Pro,0.17642124,0.13895132
urn:mavedb:00000115-a-6#2047,NA,NA,p.Val109Gln,0.08639465,0.24775426
urn:mavedb:00000115-a-6#2048,NA,NA,p.Val109Arg,0.31340098,0.07750619
urn:mavedb:00000115-a-6#2049,NA,NA,p.Val109Ser,0.07255546,0.074048966
urn:mavedb:00000115-a-6#2050,NA,NA,p.Val109Thr,-0.15419328,0.1386631
urn:mavedb:00000115-a-6#2051,NA,NA,p.Val109Trp,0.04691876,0.095792346
urn:mavedb:00000115-a-6#2052,NA,NA,p.Val109Tyr,0.17051558,0.10123999
urn:mavedb:00000115-a-6#2053,NA,NA,p.Pro110Ala,0.30974045,0.05948437
urn:mavedb:00000115-a-6#2054,NA,NA,p.Pro110Cys,0.22026926,0.06760201
urn:mavedb:00000115-a-6#2055,NA,NA,p.Pro110Asp,0.6800238,0.19475068
urn:mavedb:00000115-a-6#2056,NA,NA,p.Pro110Glu,0.8047679,0.18926528
urn:mavedb:00000115-a-6#2057,NA,NA,p.Pro110Phe,0.5442527,0.05892862
urn:mavedb:00000115-a-6#2058,NA,NA,p.Pro110Gly,0.527572,0.1281129
urn:mavedb:00000115-a-6#2059,NA,NA,p.Pro110His,0.5404866,0.06605196
urn:mavedb:00000115-a-6#2060,NA,NA,p.Pro110Ile,0.44313684,0.0966528
urn:mavedb:00000115-a-6#2061,NA,NA,p.Pro110Lys,0.40526572,0.18555987
urn:mavedb:00000115-a-6#2062,NA,NA,p.Pro110Leu,0.34387553,0.07522322
urn:mavedb:00000115-a-6#2063,NA,NA,p.Pro110Met,0.47865456,0.08159666
urn:mavedb:00000115-a-6#2064,NA,NA,p.Pro110Asn,0.13295624,0.13988253
urn:mavedb:00000115-a-6#2065,NA,NA,p.Pro110Gln,0.43131232,0.16490352
urn:mavedb:00000115-a-6#2066,NA,NA,p.Pro110Arg,0.5461491,0.045324054
urn:mavedb:00000115-a-6#2067,NA,NA,p.Pro110Ser,0.39343077,0.05124668
urn:mavedb:00000115-a-6#2068,NA,NA,p.Pro110Thr,0.40669167,0.070727296
urn:mavedb:00000115-a-6#2069,NA,NA,p.Pro110Val,0.3414543,0.03426388
urn:mavedb:00000115-a-6#2070,NA,NA,p.Pro110Trp,1.1867259,0.2553235
urn:mavedb:00000115-a-6#2071,NA,NA,p.Pro110Tyr,0.8597548,0.21308075
urn:mavedb:00000115-a-6#2072,NA,NA,p.Met111Ala,0.28267595,0.16577516
urn:mavedb:00000115-a-6#2073,NA,NA,p.Met111Cys,0.078992434,0.06580628
urn:mavedb:00000115-a-6#2074,NA,NA,p.Met111Asp,0.8729056,0.4070503
urn:mavedb:00000115-a-6#2075,NA,NA,p.Met111Glu,0.869529,0.38700327
urn:mavedb:00000115-a-6#2076,NA,NA,p.Met111Phe,-0.063803986,0.0796226
urn:mavedb:00000115-a-6#2077,NA,NA,p.Met111Gly,0.94828707,0.097782925
urn:mavedb:00000115-a-6#2078,NA,NA,p.Met111His,0.5640194,0.34629336
urn:mavedb:00000115-a-6#2079,NA,NA,p.Met111Ile,0.04060003,0.06172844
urn:mavedb:00000115-a-6#2080,NA,NA,p.Met111Lys,0.77241004,0.121872365
urn:mavedb:00000115-a-6#2081,NA,NA,p.Met111Leu,0.07042291,0.0389323
urn:mavedb:00000115-a-6#2082,NA,NA,p.Met111Asn,0.83389944,0.3880719
urn:mavedb:00000115-a-6#2083,NA,NA,p.Met111Pro,0.3115874,0.38792312
urn:mavedb:00000115-a-6#2084,NA,NA,p.Met111Gln,0.3534576,0.27944404
urn:mavedb:00000115-a-6#2085,NA,NA,p.Met111Arg,1.1406257,0.3727948
urn:mavedb:00000115-a-6#2086,NA,NA,p.Met111Ser,0.5128484,0.22183734
urn:mavedb:00000115-a-6#2087,NA,NA,p.Met111Thr,0.42141923,0.15260781
urn:mavedb:00000115-a-6#2088,NA,NA,p.Met111Val,-0.0151834255,0.035744432
urn:mavedb:00000115-a-6#2089,NA,NA,p.Met111Trp,0.056830313,0.060500767
urn:mavedb:00000115-a-6#2090,NA,NA,p.Met111Tyr,0.31207663,0.15744554
urn:mavedb:00000115-a-6#2091,NA,NA,p.Val112Ala,0.2666379,0.17966183
urn:mavedb:00000115-a-6#2092,NA,NA,p.Val112Cys,0.014766471,0.10901136
urn:mavedb:00000115-a-6#2093,NA,NA,p.Val112Asp,0.937825,0.5473357
urn:mavedb:00000115-a-6#2094,NA,NA,p.Val112Glu,0.8619338,0.34004033
urn:mavedb:00000115-a-6#2095,NA,NA,p.Val112Phe,0.16832244,0.066226296
urn:mavedb:00000115-a-6#2096,NA,NA,p.Val112Gly,1.1173277,0.17274395
urn:mavedb:00000115-a-6#2097,NA,NA,p.Val112His,0.5593594,0.28295356
urn:mavedb:00000115-a-6#2098,NA,NA,p.Val112Ile,0.054890934,0.071277015
urn:mavedb:00000115-a-6#2099,NA,NA,p.Val112Lys,0.79266495,0.48919
urn:mavedb:00000115-a-6#2100,NA,NA,p.Val112Leu,-0.039810263,0.08564505
urn:mavedb:00000115-a-6#2101,NA,NA,p.Val112Met,-0.14078164,0.112066284
urn:mavedb:00000115-a-6#2102,NA,NA,p.Val112Asn,1.6103829,0.09780006
urn:mavedb:00000115-a-6#2103,NA,NA,p.Val112Pro,0.5481799,0.3821934
urn:mavedb:00000115-a-6#2104,NA,NA,p.Val112Gln,1.025389,0.25375998
urn:mavedb:00000115-a-6#2105,NA,NA,p.Val112Arg,0.90947294,0.46402273
urn:mavedb:00000115-a-6#2106,NA,NA,p.Val112Ser,0.9804879,0.20788743
urn:mavedb:00000115-a-6#2107,NA,NA,p.Val112Thr,0.19954044,0.20626383
urn:mavedb:00000115-a-6#2108,NA,NA,p.Val112Trp,0.4764024,0.31776568
urn:mavedb:00000115-a-6#2109,NA,NA,p.Val112Tyr,0.008032663,0.24127142
urn:mavedb:00000115-a-6#2110,NA,NA,p.Leu113Ala,-0.07651319,0.15473585
urn:mavedb:00000115-a-6#2111,NA,NA,p.Leu113Cys,0.009526018,0.09254351
urn:mavedb:00000115-a-6#2112,NA,NA,p.Leu113Asp,0.3687466,0.3746215
urn:mavedb:00000115-a-6#2113,NA,NA,p.Leu113Glu,1.0492047,0.35288125
urn:mavedb:00000115-a-6#2114,NA,NA,p.Leu113Phe,-0.071313836,0.009777115
urn:mavedb:00000115-a-6#2115,NA,NA,p.Leu113Gly,0.4875276,0.2258749
urn:mavedb:00000115-a-6#2116,NA,NA,p.Leu113His,0.59024733,0.35578558
urn:mavedb:00000115-a-6#2117,NA,NA,p.Leu113Ile,-0.28811204,0.1974122
urn:mavedb:00000115-a-6#2118,NA,NA,p.Leu113Lys,-0.21589804,0.24589278
urn:mavedb:00000115-a-6#2119,NA,NA,p.Leu113Met,-0.13445346,0.14384383
urn:mavedb:00000115-a-6#2120,NA,NA,p.Leu113Asn,0.1098144,0.3439343
urn:mavedb:00000115-a-6#2121,NA,NA,p.Leu113Pro,0.7792317,0.34513047
urn:mavedb:00000115-a-6#2122,NA,NA,p.Leu113Gln,0.08992628,0.22213091
urn:mavedb:00000115-a-6#2123,NA,NA,p.Leu113Arg,1.3353546,0.41755238
urn:mavedb:00000115-a-6#2124,NA,NA,p.Leu113Ser,0.5228398,0.14614783
urn:mavedb:00000115-a-6#2125,NA,NA,p.Leu113Thr,0.16073506,0.21233222
urn:mavedb:00000115-a-6#2126,NA,NA,p.Leu113Val,-0.11413216,0.07058118
urn:mavedb:00000115-a-6#2127,NA,NA,p.Leu113Trp,-0.25752285,0.12242998
urn:mavedb:00000115-a-6#2128,NA,NA,p.Leu113Tyr,0.09007967,0.13457191
urn:mavedb:00000115-a-6#2129,NA,NA,p.Val114Ala,0.24095719,0.052700523
urn:mavedb:00000115-a-6#2130,NA,NA,p.Val114Cys,0.22041,0.060264144
urn:mavedb:00000115-a-6#2131,NA,NA,p.Val114Asp,1.606774,0.4650053
urn:mavedb:00000115-a-6#2132,NA,NA,p.Val114Glu,1.3605375,0.29117706
urn:mavedb:00000115-a-6#2133,NA,NA,p.Val114Phe,-0.1945505,0.13008118
urn:mavedb:00000115-a-6#2134,NA,NA,p.Val114Gly,0.96613395,0.08338043
urn:mavedb:00000115-a-6#2135,NA,NA,p.Val114His,1.2198988,0.49037
urn:mavedb:00000115-a-6#2136,NA,NA,p.Val114Ile,-0.010874748,0.046198454
urn:mavedb:00000115-a-6#2137,NA,NA,p.Val114Lys,1.3772857,0.38856655
urn:mavedb:00000115-a-6#2138,NA,NA,p.Val114Leu,-0.019434521,0.025428522
urn:mavedb:00000115-a-6#2139,NA,NA,p.Val114Met,0.0065808007,0.0721995
urn:mavedb:00000115-a-6#2140,NA,NA,p.Val114Asn,1.2396235,0.26512206
urn:mavedb:00000115-a-6#2141,NA,NA,p.Val114Pro,1.1665592,0.2519481
urn:mavedb:00000115-a-6#2142,NA,NA,p.Val114Gln,0.5845944,0.29163787
urn:mavedb:00000115-a-6#2143,NA,NA,p.Val114Arg,1.5255333,0.3561092
urn:mavedb:00000115-a-6#2144,NA,NA,p.Val114Ser,0.62489593,0.15790778
urn:mavedb:00000115-a-6#2145,NA,NA,p.Val114Thr,0.3798034,0.13359076
urn:mavedb:00000115-a-6#2146,NA,NA,p.Val114Trp,0.6003366,0.28363985
urn:mavedb:00000115-a-6#2147,NA,NA,p.Val114Tyr,0.1511272,0.2591258
urn:mavedb:00000115-a-6#2148,NA,NA,p.Gly115Ala,-0.005117763,0.04606114
urn:mavedb:00000115-a-6#2149,NA,NA,p.Gly115Cys,-0.10143629,0.036269747
urn:mavedb:00000115-a-6#2150,NA,NA,p.Gly115Asp,0.27127057,0.17551813
urn:mavedb:00000115-a-6#2151,NA,NA,p.Gly115Glu,0.07812708,0.06519978
urn:mavedb:00000115-a-6#2152,NA,NA,p.Gly115Phe,-0.13699429,0.056408234
urn:mavedb:00000115-a-6#2153,NA,NA,p.Gly115His,-0.058306314,0.12731983
urn:mavedb:00000115-a-6#2154,NA,NA,p.Gly115Ile,-0.09114365,0.06601814
urn:mavedb:00000115-a-6#2155,NA,NA,p.Gly115Lys,0.34447995,0.10555551
urn:mavedb:00000115-a-6#2156,NA,NA,p.Gly115Leu,-0.002195218,0.045179702
urn:mavedb:00000115-a-6#2157,NA,NA,p.Gly115Met,-0.11288566,0.08011174
urn:mavedb:00000115-a-6#2158,NA,NA,p.Gly115Asn,0.09843873,0.112156704
urn:mavedb:00000115-a-6#2159,NA,NA,p.Gly115Pro,0.14429021,0.09038527
urn:mavedb:00000115-a-6#2160,NA,NA,p.Gly115Gln,-0.028904857,0.104778424
urn:mavedb:00000115-a-6#2161,NA,NA,p.Gly115Arg,0.17206372,0.05947044
urn:mavedb:00000115-a-6#2162,NA,NA,p.Gly115Ser,0.026337843,0.045563497
urn:mavedb:00000115-a-6#2163,NA,NA,p.Gly115Thr,-0.05865676,0.13783531
urn:mavedb:00000115-a-6#2164,NA,NA,p.Gly115Val,-0.019629372,0.035102595
urn:mavedb:00000115-a-6#2165,NA,NA,p.Gly115Trp,-0.022523647,0.105654754
urn:mavedb:00000115-a-6#2166,NA,NA,p.Gly115Tyr,-0.16697653,0.080536045
urn:mavedb:00000115-a-6#2167,NA,NA,p.Asn116Ala,-0.21077119,0.096747935
urn:mavedb:00000115-a-6#2168,NA,NA,p.Asn116Cys,-0.4359655,0.08435658
urn:mavedb:00000115-a-6#2169,NA,NA,p.Asn116Asp,-0.2316323,0.068355754
urn:mavedb:00000115-a-6#2170,NA,NA,p.Asn116Glu,-0.33836585,0.1431356
urn:mavedb:00000115-a-6#2171,NA,NA,p.Asn116Phe,1.3158085,0.15932655
urn:mavedb:00000115-a-6#2172,NA,NA,p.Asn116Gly,0.048284054,0.039105725
urn:mavedb:00000115-a-6#2173,NA,NA,p.Asn116His,-0.17090468,0.08855739
urn:mavedb:00000115-a-6#2174,NA,NA,p.Asn116Ile,-0.2904457,0.07861692
urn:mavedb:00000115-a-6#2175,NA,NA,p.Asn116Lys,1.446418,0.49010152
urn:mavedb:00000115-a-6#2176,NA,NA,p.Asn116Leu,-0.3241652,0.19212517
urn:mavedb:00000115-a-6#2177,NA,NA,p.Asn116Met,-0.50225633,0.11009105
urn:mavedb:00000115-a-6#2178,NA,NA,p.Asn116Pro,1.5111222,0.28757036
urn:mavedb:00000115-a-6#2179,NA,NA,p.Asn116Gln,-0.1824249,0.10599243
urn:mavedb:00000115-a-6#2180,NA,NA,p.Asn116Arg,0.948685,0.3453206
urn:mavedb:00000115-a-6#2181,NA,NA,p.Asn116Ser,-0.090775415,0.0549207
urn:mavedb:00000115-a-6#2182,NA,NA,p.Asn116Thr,-0.26127443,0.09644311
urn:mavedb:00000115-a-6#2183,NA,NA,p.Asn116Val,-0.5999781,0.15973966
urn:mavedb:00000115-a-6#2184,NA,NA,p.Asn116Trp,0.9523768,0.27220327
urn:mavedb:00000115-a-6#2185,NA,NA,p.Asn116Tyr,1.4630572,0.10519887
urn:mavedb:00000115-a-6#2186,NA,NA,p.Lys117Ala,-0.1844817,0.06524161
urn:mavedb:00000115-a-6#2187,NA,NA,p.Lys117Cys,-0.15579836,0.067050025
urn:mavedb:00000115-a-6#2188,NA,NA,p.Lys117Asp,-0.1768233,0.11783413
urn:mavedb:00000115-a-6#2189,NA,NA,p.Lys117Glu,-0.17108808,0.08094788
urn:mavedb:00000115-a-6#2190,NA,NA,p.Lys117Phe,-0.20271057,0.094465695
urn:mavedb:00000115-a-6#2191,NA,NA,p.Lys117Gly,-0.14259617,0.05838061
urn:mavedb:00000115-a-6#2192,NA,NA,p.Lys117His,-0.26553753,0.1750466
urn:mavedb:00000115-a-6#2193,NA,NA,p.Lys117Ile,-0.2983313,0.07386871
urn:mavedb:00000115-a-6#2194,NA,NA,p.Lys117Leu,-0.29032588,0.06230277
urn:mavedb:00000115-a-6#2195,NA,NA,p.Lys117Met,-0.3402076,0.098562196
urn:mavedb:00000115-a-6#2196,NA,NA,p.Lys117Asn,-0.19602239,0.08852883
urn:mavedb:00000115-a-6#2197,NA,NA,p.Lys117Pro,0.87264794,0.47907883
urn:mavedb:00000115-a-6#2198,NA,NA,p.Lys117Gln,-0.12731177,0.09881494
urn:mavedb:00000115-a-6#2199,NA,NA,p.Lys117Arg,-0.119267024,0.08667935
urn:mavedb:00000115-a-6#2200,NA,NA,p.Lys117Ser,-0.20627685,0.05847545
urn:mavedb:00000115-a-6#2201,NA,NA,p.Lys117Thr,-0.2688501,0.10812731
urn:mavedb:00000115-a-6#2202,NA,NA,p.Lys117Val,-0.2631978,0.0736829
urn:mavedb:00000115-a-6#2203,NA,NA,p.Lys117Trp,-0.19447303,0.08317423
urn:mavedb:00000115-a-6#2204,NA,NA,p.Lys117Tyr,-0.29096025,0.04965916
urn:mavedb:00000115-a-6#2205,NA,NA,p.Cys118Ala,-0.118179165,0.0797291
urn:mavedb:00000115-a-6#2206,NA,NA,p.Cys118Asp,-0.03775596,0.061774172
urn:mavedb:00000115-a-6#2207,NA,NA,p.Cys118Glu,0.07195734,0.0655096
urn:mavedb:00000115-a-6#2208,NA,NA,p.Cys118Phe,0.057647485,0.04554351
urn:mavedb:00000115-a-6#2209,NA,NA,p.Cys118Gly,0.02562729,0.016249413
urn:mavedb:00000115-a-6#2210,NA,NA,p.Cys118His,-0.060387537,0.07880696
urn:mavedb:00000115-a-6#2211,NA,NA,p.Cys118Ile,0.0031502312,0.0695656
urn:mavedb:00000115-a-6#2212,NA,NA,p.Cys118Lys,0.028595332,0.09448759
urn:mavedb:00000115-a-6#2213,NA,NA,p.Cys118Leu,0.046239182,0.050712414
urn:mavedb:00000115-a-6#2214,NA,NA,p.Cys118Met,-0.088987604,0.0704926
urn:mavedb:00000115-a-6#2215,NA,NA,p.Cys118Asn,-0.07941642,0.09641851
urn:mavedb:00000115-a-6#2216,NA,NA,p.Cys118Pro,-0.23308794,0.14155361
urn:mavedb:00000115-a-6#2217,NA,NA,p.Cys118Gln,-0.05810217,0.14120063
urn:mavedb:00000115-a-6#2218,NA,NA,p.Cys118Arg,-0.023362909,0.036390986
urn:mavedb:00000115-a-6#2219,NA,NA,p.Cys118Ser,0.003634103,0.04470177
urn:mavedb:00000115-a-6#2220,NA,NA,p.Cys118Thr,-0.12740715,0.08613374
urn:mavedb:00000115-a-6#2221,NA,NA,p.Cys118Val,0.0132629145,0.03494302
urn:mavedb:00000115-a-6#2222,NA,NA,p.Cys118Trp,0.08777067,0.039270084
urn:mavedb:00000115-a-6#2223,NA,NA,p.Cys118Tyr,-0.041369975,0.0661263
urn:mavedb:00000115-a-6#2224,NA,NA,p.Asp119Ala,-0.33764726,0.13130341
urn:mavedb:00000115-a-6#2225,NA,NA,p.Asp119Cys,0.045841463,0.07267348
urn:mavedb:00000115-a-6#2226,NA,NA,p.Asp119Glu,0.022409845,0.043598793
urn:mavedb:00000115-a-6#2227,NA,NA,p.Asp119Phe,-0.12620254,0.16056074
urn:mavedb:00000115-a-6#2228,NA,NA,p.Asp119Gly,-0.08175527,0.0421236
urn:mavedb:00000115-a-6#2229,NA,NA,p.Asp119His,-0.14688748,0.13117851
urn:mavedb:00000115-a-6#2230,NA,NA,p.Asp119Ile,-0.048668385,0.2103297
urn:mavedb:00000115-a-6#2231,NA,NA,p.Asp119Lys,0.12670341,0.1690326
urn:mavedb:00000115-a-6#2232,NA,NA,p.Asp119Leu,-0.09269655,0.14489175
urn:mavedb:00000115-a-6#2233,NA,NA,p.Asp119Met,-0.14579138,0.16251682
urn:mavedb:00000115-a-6#2234,NA,NA,p.Asp119Asn,-0.1327298,0.06494166
urn:mavedb:00000115-a-6#2235,NA,NA,p.Asp119Pro,0.0361702,0.38524622
urn:mavedb:00000115-a-6#2236,NA,NA,p.Asp119Gln,-0.22197641,0.2950627
urn:mavedb:00000115-a-6#2237,NA,NA,p.Asp119Arg,-0.18692906,0.12998311
urn:mavedb:00000115-a-6#2238,NA,NA,p.Asp119Ser,-0.17231813,0.08432195
urn:mavedb:00000115-a-6#2239,NA,NA,p.Asp119Thr,-0.21589603,0.14547978
urn:mavedb:00000115-a-6#2240,NA,NA,p.Asp119Val,0.03934159,0.06071596
urn:mavedb:00000115-a-6#2241,NA,NA,p.Asp119Trp,0.21674038,0.192971
urn:mavedb:00000115-a-6#2242,NA,NA,p.Asp119Tyr,0.031722695,0.08355004
urn:mavedb:00000115-a-6#2243,NA,NA,p.Leu120Ala,-0.1640834,0.17999843
urn:mavedb:00000115-a-6#2244,NA,NA,p.Leu120Cys,-0.10459687,0.093312904
urn:mavedb:00000115-a-6#2245,NA,NA,p.Leu120Asp,NA,NA
urn:mavedb:00000115-a-6#2246,NA,NA,p.Leu120Glu,-0.014020148,0.12922873
urn:mavedb:00000115-a-6#2247,NA,NA,p.Leu120Phe,-0.16176303,0.07358576
urn:mavedb:00000115-a-6#2248,NA,NA,p.Leu120Gly,-0.20009229,0.110895544
urn:mavedb:00000115-a-6#2249,NA,NA,p.Leu120His,NA,NA
urn:mavedb:00000115-a-6#2250,NA,NA,p.Leu120Ile,0.11333373,0.10547817
urn:mavedb:00000115-a-6#2251,NA,NA,p.Leu120Lys,-0.17213722,0.1692301
urn:mavedb:00000115-a-6#2252,NA,NA,p.Leu120Met,-0.00943788,0.06781401
urn:mavedb:00000115-a-6#2253,NA,NA,p.Leu120Asn,NA,NA
urn:mavedb:00000115-a-6#2254,NA,NA,p.Leu120Pro,-0.30198708,0.19710197
urn:mavedb:00000115-a-6#2255,NA,NA,p.Leu120Gln,0.08679232,0.22625327
urn:mavedb:00000115-a-6#2256,NA,NA,p.Leu120Arg,-0.19320242,0.11575263
urn:mavedb:00000115-a-6#2257,NA,NA,p.Leu120Ser,-0.12545082,0.076770335
urn:mavedb:00000115-a-6#2258,NA,NA,p.Leu120Thr,-0.02007289,0.17682746
urn:mavedb:00000115-a-6#2259,NA,NA,p.Leu120Val,-0.16349898,0.059209805
urn:mavedb:00000115-a-6#2260,NA,NA,p.Leu120Trp,-0.04636591,0.08755624
urn:mavedb:00000115-a-6#2261,NA,NA,p.Leu120Tyr,-0.37281027,0.19239621
urn:mavedb:00000115-a-6#2262,NA,NA,p.Pro121Ala,-0.0053246133,0.037003115
urn:mavedb:00000115-a-6#2263,NA,NA,p.Pro121Cys,0.036308706,0.09721602
urn:mavedb:00000115-a-6#2264,NA,NA,p.Pro121Asp,-0.13562348,0.024412636
urn:mavedb:00000115-a-6#2265,NA,NA,p.Pro121Glu,-0.14009278,0.062528305
urn:mavedb:00000115-a-6#2266,NA,NA,p.Pro121Phe,0.01615717,0.025558481
urn:mavedb:00000115-a-6#2267,NA,NA,p.Pro121Gly,-0.050575964,0.035253022
urn:mavedb:00000115-a-6#2268,NA,NA,p.Pro121His,-0.044510234,0.044054773
urn:mavedb:00000115-a-6#2269,NA,NA,p.Pro121Ile,0.015423755,0.034991883
urn:mavedb:00000115-a-6#2270,NA,NA,p.Pro121Lys,-0.02083561,0.18358572
urn:mavedb:00000115-a-6#2271,NA,NA,p.Pro121Leu,0.008811792,0.01609747
urn:mavedb:00000115-a-6#2272,NA,NA,p.Pro121Met,-0.028735066,0.07117696
urn:mavedb:00000115-a-6#2273,NA,NA,p.Pro121Asn,-0.10660118,0.050844323
urn:mavedb:00000115-a-6#2274,NA,NA,p.Pro121Gln,-0.0089483,0.05445893
urn:mavedb:00000115-a-6#2275,NA,NA,p.Pro121Arg,0.075437576,0.062299512
urn:mavedb:00000115-a-6#2276,NA,NA,p.Pro121Ser,-0.028232627,0.023256158
urn:mavedb:00000115-a-6#2277,NA,NA,p.Pro121Thr,0.009530729,0.054434717
urn:mavedb:00000115-a-6#2278,NA,NA,p.Pro121Val,0.030381115,0.04523632
urn:mavedb:00000115-a-6#2279,NA,NA,p.Pro121Trp,0.03421732,0.096047044
urn:mavedb:00000115-a-6#2280,NA,NA,p.Pro121Tyr,0.009218283,0.0452883
urn:mavedb:00000115-a-6#2281,NA,NA,p.Ser122Ala,0.017080085,0.025727328
urn:mavedb:00000115-a-6#2282,NA,NA,p.Ser122Cys,0.05230432,0.03918606
urn:mavedb:00000115-a-6#2283,NA,NA,p.Ser122Asp,-0.09930223,0.08199775
urn:mavedb:00000115-a-6#2284,NA,NA,p.Ser122Glu,-0.0017502788,0.04903411
urn:mavedb:00000115-a-6#2285,NA,NA,p.Ser122Phe,0.09673033,0.061509226
urn:mavedb:00000115-a-6#2286,NA,NA,p.Ser122Gly,-0.045240548,0.030130345
urn:mavedb:00000115-a-6#2287,NA,NA,p.Ser122His,0.023606373,0.06413049
urn:mavedb:00000115-a-6#2288,NA,NA,p.Ser122Ile,0.09171189,0.036953725
urn:mavedb:00000115-a-6#2289,NA,NA,p.Ser122Lys,0.0016748299,0.08969163
urn:mavedb:00000115-a-6#2290,NA,NA,p.Ser122Leu,0.07754373,0.03909535
urn:mavedb:00000115-a-6#2291,NA,NA,p.Ser122Met,-0.042909827,0.06312108
urn:mavedb:00000115-a-6#2292,NA,NA,p.Ser122Asn,-0.18369585,0.06864743
urn:mavedb:00000115-a-6#2293,NA,NA,p.Ser122Pro,-0.007566817,0.07097432
urn:mavedb:00000115-a-6#2294,NA,NA,p.Ser122Gln,-0.068908334,0.100714
urn:mavedb:00000115-a-6#2295,NA,NA,p.Ser122Arg,0.14614742,0.028608344
urn:mavedb:00000115-a-6#2296,NA,NA,p.Ser122Thr,-0.047047596,0.07026816
urn:mavedb:00000115-a-6#2297,NA,NA,p.Ser122Val,0.12231031,0.027974281
urn:mavedb:00000115-a-6#2298,NA,NA,p.Ser122Trp,0.073404565,0.034101866
urn:mavedb:00000115-a-6#2299,NA,NA,p.Ser122Tyr,0.043027688,0.059099447
urn:mavedb:00000115-a-6#2300,NA,NA,p.Arg123Ala,-0.027372688,0.037240352
urn:mavedb:00000115-a-6#2301,NA,NA,p.Arg123Cys,-0.047666732,0.027723182
urn:mavedb:00000115-a-6#2302,NA,NA,p.Arg123Asp,-0.09654579,0.0653969
urn:mavedb:00000115-a-6#2303,NA,NA,p.Arg123Glu,-0.04106109,0.040597998
urn:mavedb:00000115-a-6#2304,NA,NA,p.Arg123Phe,0.099526554,0.04749328
urn:mavedb:00000115-a-6#2305,NA,NA,p.Arg123Gly,-0.11227799,0.02658629
urn:mavedb:00000115-a-6#2306,NA,NA,p.Arg123His,-0.055443205,0.06589552
urn:mavedb:00000115-a-6#2307,NA,NA,p.Arg123Ile,0.0459976,0.047208723
urn:mavedb:00000115-a-6#2308,NA,NA,p.Arg123Lys,-0.055114076,0.03665631
urn:mavedb:00000115-a-6#2309,NA,NA,p.Arg123Leu,0.02658232,0.052867707
urn:mavedb:00000115-a-6#2310,NA,NA,p.Arg123Met,-0.038444642,0.038220063
urn:mavedb:00000115-a-6#2311,NA,NA,p.Arg123Asn,-0.112792015,0.065540336
urn:mavedb:00000115-a-6#2312,NA,NA,p.Arg123Pro,0.025519604,0.064986765
urn:mavedb:00000115-a-6#2313,NA,NA,p.Arg123Gln,-0.1433185,0.052950583
urn:mavedb:00000115-a-6#2314,NA,NA,p.Arg123Ser,-0.06561421,0.034526456
urn:mavedb:00000115-a-6#2315,NA,NA,p.Arg123Thr,-0.069558494,0.065138765
urn:mavedb:00000115-a-6#2316,NA,NA,p.Arg123Val,-0.0030535313,0.045130957
urn:mavedb:00000115-a-6#2317,NA,NA,p.Arg123Trp,0.160755,0.056837168
urn:mavedb:00000115-a-6#2318,NA,NA,p.Arg123Tyr,0.019868908,0.051855538
urn:mavedb:00000115-a-6#2319,NA,NA,p.Thr124Ala,0.012592571,0.039783064
urn:mavedb:00000115-a-6#2320,NA,NA,p.Thr124Cys,0.0056613856,0.042634893
urn:mavedb:00000115-a-6#2321,NA,NA,p.Thr124Asp,-0.005591688,0.031123774
urn:mavedb:00000115-a-6#2322,NA,NA,p.Thr124Glu,-0.065275386,0.036446065
urn:mavedb:00000115-a-6#2323,NA,NA,p.Thr124Phe,0.07125524,0.035644133
urn:mavedb:00000115-a-6#2324,NA,NA,p.Thr124Gly,-0.029152118,0.02136962
urn:mavedb:00000115-a-6#2325,NA,NA,p.Thr124His,0.062370144,0.0366034
urn:mavedb:00000115-a-6#2326,NA,NA,p.Thr124Ile,0.08935941,0.023964169
urn:mavedb:00000115-a-6#2327,NA,NA,p.Thr124Lys,-0.004918131,0.031004295
urn:mavedb:00000115-a-6#2328,NA,NA,p.Thr124Leu,0.06990237,0.025989652
urn:mavedb:00000115-a-6#2329,NA,NA,p.Thr124Met,0.046127357,0.04604265
urn:mavedb:00000115-a-6#2330,NA,NA,p.Thr124Asn,-0.004884357,0.027148753
urn:mavedb:00000115-a-6#2331,NA,NA,p.Thr124Pro,0.026219591,0.045040473
urn:mavedb:00000115-a-6#2332,NA,NA,p.Thr124Gln,0.01621613,0.047511257
urn:mavedb:00000115-a-6#2333,NA,NA,p.Thr124Arg,0.045100782,0.027356587
urn:mavedb:00000115-a-6#2334,NA,NA,p.Thr124Ser,0.034404702,0.014727503
urn:mavedb:00000115-a-6#2335,NA,NA,p.Thr124Val,0.06273069,0.020141076
urn:mavedb:00000115-a-6#2336,NA,NA,p.Thr124Trp,0.07857674,0.052428395
urn:mavedb:00000115-a-6#2337,NA,NA,p.Thr124Tyr,0.044814657,0.025266528
urn:mavedb:00000115-a-6#2338,NA,NA,p.Val125Ala,-0.00460563,0.028990924
urn:mavedb:00000115-a-6#2339,NA,NA,p.Val125Cys,0.035803586,0.02484256
urn:mavedb:00000115-a-6#2340,NA,NA,p.Val125Asp,0.037151862,0.028648775
urn:mavedb:00000115-a-6#2341,NA,NA,p.Val125Glu,-0.017907497,0.031906262
urn:mavedb:00000115-a-6#2342,NA,NA,p.Val125Phe,0.06439936,0.031787295
urn:mavedb:00000115-a-6#2343,NA,NA,p.Val125Gly,0.0057577756,0.02164475
urn:mavedb:00000115-a-6#2344,NA,NA,p.Val125His,-0.03249725,0.05860216
urn:mavedb:00000115-a-6#2345,NA,NA,p.Val125Ile,0.04501172,0.023988716
urn:mavedb:00000115-a-6#2346,NA,NA,p.Val125Lys,0.078590445,0.04535733
urn:mavedb:00000115-a-6#2347,NA,NA,p.Val125Leu,0.09518366,0.017049123
urn:mavedb:00000115-a-6#2348,NA,NA,p.Val125Met,0.031894382,0.028734392
urn:mavedb:00000115-a-6#2349,NA,NA,p.Val125Asn,0.05360164,0.023565654
urn:mavedb:00000115-a-6#2350,NA,NA,p.Val125Pro,0.047392745,0.05611689
urn:mavedb:00000115-a-6#2351,NA,NA,p.Val125Gln,0.00015046261,0.029380806
urn:mavedb:00000115-a-6#2352,NA,NA,p.Val125Arg,0.08148248,0.015093544
urn:mavedb:00000115-a-6#2353,NA,NA,p.Val125Ser,0.042827606,0.013533213
urn:mavedb:00000115-a-6#2354,NA,NA,p.Val125Thr,0.0387042,0.04006241
urn:mavedb:00000115-a-6#2355,NA,NA,p.Val125Trp,0.02217609,0.033957977
urn:mavedb:00000115-a-6#2356,NA,NA,p.Val125Tyr,-0.0017876637,0.047282748
urn:mavedb:00000115-a-6#2357,NA,NA,p.Asp126Ala,0.12273838,0.035726603
urn:mavedb:00000115-a-6#2358,NA,NA,p.Asp126Cys,0.084875435,0.03132872
urn:mavedb:00000115-a-6#2359,NA,NA,p.Asp126Glu,0.093727425,0.03518217
urn:mavedb:00000115-a-6#2360,NA,NA,p.Asp126Phe,0.12419869,0.017946873
urn:mavedb:00000115-a-6#2361,NA,NA,p.Asp126Gly,0.09950227,0.018216295
urn:mavedb:00000115-a-6#2362,NA,NA,p.Asp126His,0.069338314,0.03318015
urn:mavedb:00000115-a-6#2363,NA,NA,p.Asp126Ile,0.14025415,0.042116012
urn:mavedb:00000115-a-6#2364,NA,NA,p.Asp126Lys,0.05597542,0.04184409
urn:mavedb:00000115-a-6#2365,NA,NA,p.Asp126Leu,0.10258033,0.022598416
urn:mavedb:00000115-a-6#2366,NA,NA,p.Asp126Met,0.10427332,0.025224324
urn:mavedb:00000115-a-6#2367,NA,NA,p.Asp126Asn,0.07220727,0.02865729
urn:mavedb:00000115-a-6#2368,NA,NA,p.Asp126Pro,0.040007893,0.031495433
urn:mavedb:00000115-a-6#2369,NA,NA,p.Asp126Gln,0.10198137,0.049778022
urn:mavedb:00000115-a-6#2370,NA,NA,p.Asp126Arg,0.16117193,0.024174474
urn:mavedb:00000115-a-6#2371,NA,NA,p.Asp126Ser,0.068298206,0.01594765
urn:mavedb:00000115-a-6#2372,NA,NA,p.Asp126Thr,0.0776744,0.0137627125
urn:mavedb:00000115-a-6#2373,NA,NA,p.Asp126Val,0.13549766,0.024553668
urn:mavedb:00000115-a-6#2374,NA,NA,p.Asp126Trp,0.13280852,0.020019481
urn:mavedb:00000115-a-6#2375,NA,NA,p.Asp126Tyr,0.05636354,0.027585289
urn:mavedb:00000115-a-6#2376,NA,NA,p.Thr127Ala,0.107651144,0.033868097
urn:mavedb:00000115-a-6#2377,NA,NA,p.Thr127Cys,0.0767986,0.027148383
urn:mavedb:00000115-a-6#2378,NA,NA,p.Thr127Asp,-0.026731687,0.036090087
urn:mavedb:00000115-a-6#2379,NA,NA,p.Thr127Glu,0.09161197,0.053399652
urn:mavedb:00000115-a-6#2380,NA,NA,p.Thr127Phe,0.12214821,0.02631115
urn:mavedb:00000115-a-6#2381,NA,NA,p.Thr127Gly,0.08288514,0.029788725
urn:mavedb:00000115-a-6#2382,NA,NA,p.Thr127His,0.1373953,0.035036817
urn:mavedb:00000115-a-6#2383,NA,NA,p.Thr127Ile,0.043825198,0.038618434
urn:mavedb:00000115-a-6#2384,NA,NA,p.Thr127Lys,0.14468035,0.052447587
urn:mavedb:00000115-a-6#2385,NA,NA,p.Thr127Leu,0.13230708,0.04993877
urn:mavedb:00000115-a-6#2386,NA,NA,p.Thr127Met,0.11195477,0.041787907
urn:mavedb:00000115-a-6#2387,NA,NA,p.Thr127Asn,0.029862039,0.045990486
urn:mavedb:00000115-a-6#2388,NA,NA,p.Thr127Pro,0.12114836,0.04407232
urn:mavedb:00000115-a-6#2389,NA,NA,p.Thr127Gln,0.08656685,0.035108916
urn:mavedb:00000115-a-6#2390,NA,NA,p.Thr127Arg,0.12782173,0.022399481
urn:mavedb:00000115-a-6#2391,NA,NA,p.Thr127Ser,0.06056209,0.024962038
urn:mavedb:00000115-a-6#2392,NA,NA,p.Thr127Val,0.09475042,0.031161156
urn:mavedb:00000115-a-6#2393,NA,NA,p.Thr127Trp,0.1477734,0.039752387
urn:mavedb:00000115-a-6#2394,NA,NA,p.Thr127Tyr,0.08866027,0.059620645
urn:mavedb:00000115-a-6#2395,NA,NA,p.Lys128Ala,0.13105232,0.022934405
urn:mavedb:00000115-a-6#2396,NA,NA,p.Lys128Cys,0.08888346,0.029465314
urn:mavedb:00000115-a-6#2397,NA,NA,p.Lys128Asp,0.090146855,0.039366685
urn:mavedb:00000115-a-6#2398,NA,NA,p.Lys128Glu,0.07387265,0.03570939
urn:mavedb:00000115-a-6#2399,NA,NA,p.Lys128Phe,0.14095093,0.027510855
urn:mavedb:00000115-a-6#2400,NA,NA,p.Lys128Gly,0.13287045,0.022313967
urn:mavedb:00000115-a-6#2401,NA,NA,p.Lys128His,0.110129036,0.057983477
urn:mavedb:00000115-a-6#2402,NA,NA,p.Lys128Ile,0.06594256,0.027993374
urn:mavedb:00000115-a-6#2403,NA,NA,p.Lys128Leu,0.14855164,0.017402468
urn:mavedb:00000115-a-6#2404,NA,NA,p.Lys128Met,0.07580859,0.03059495
urn:mavedb:00000115-a-6#2405,NA,NA,p.Lys128Asn,0.10063632,0.040532514
urn:mavedb:00000115-a-6#2406,NA,NA,p.Lys128Pro,0.1332035,0.05670136
urn:mavedb:00000115-a-6#2407,NA,NA,p.Lys128Gln,0.06828798,0.055017684
urn:mavedb:00000115-a-6#2408,NA,NA,p.Lys128Arg,0.09670714,0.03638531
urn:mavedb:00000115-a-6#2409,NA,NA,p.Lys128Ser,0.08758397,0.034643553
urn:mavedb:00000115-a-6#2410,NA,NA,p.Lys128Thr,0.12807007,0.022176892
urn:mavedb:00000115-a-6#2411,NA,NA,p.Lys128Val,0.15465283,0.017732589
urn:mavedb:00000115-a-6#2412,NA,NA,p.Lys128Trp,0.18177292,0.051489204
urn:mavedb:00000115-a-6#2413,NA,NA,p.Lys128Tyr,0.15406117,0.022075249
urn:mavedb:00000115-a-6#2414,NA,NA,p.Gln129Ala,-0.034141697,0.13887149
urn:mavedb:00000115-a-6#2415,NA,NA,p.Gln129Cys,-0.19221087,0.1785475
urn:mavedb:00000115-a-6#2416,NA,NA,p.Gln129Asp,-0.28571612,0.22044136
urn:mavedb:00000115-a-6#2417,NA,NA,p.Gln129Glu,-0.06486502,0.09710083
urn:mavedb:00000115-a-6#2418,NA,NA,p.Gln129Phe,-0.169833,0.16036426
urn:mavedb:00000115-a-6#2419,NA,NA,p.Gln129Gly,-0.20639332,0.06624811
urn:mavedb:00000115-a-6#2420,NA,NA,p.Gln129His,0.10670414,0.058126226
urn:mavedb:00000115-a-6#2421,NA,NA,p.Gln129Ile,0.033042353,0.12432167
urn:mavedb:00000115-a-6#2422,NA,NA,p.Gln129Lys,-0.19657893,0.1771674
urn:mavedb:00000115-a-6#2423,NA,NA,p.Gln129Leu,0.08166404,0.10801605
urn:mavedb:00000115-a-6#2424,NA,NA,p.Gln129Met,0.031851836,0.107428685
urn:mavedb:00000115-a-6#2425,NA,NA,p.Gln129Asn,0.079687595,0.10101132
urn:mavedb:00000115-a-6#2426,NA,NA,p.Gln129Pro,-0.13431549,0.1377146
urn:mavedb:00000115-a-6#2427,NA,NA,p.Gln129Arg,0.04921796,0.077375665
urn:mavedb:00000115-a-6#2428,NA,NA,p.Gln129Ser,-0.03818504,0.068928264
urn:mavedb:00000115-a-6#2429,NA,NA,p.Gln129Thr,0.004440779,0.079505585
urn:mavedb:00000115-a-6#2430,NA,NA,p.Gln129Val,0.04479559,0.068828814
urn:mavedb:00000115-a-6#2431,NA,NA,p.Gln129Trp,-0.07116613,0.049237095
urn:mavedb:00000115-a-6#2432,NA,NA,p.Gln129Tyr,-0.17740682,0.19367088
urn:mavedb:00000115-a-6#2433,NA,NA,p.Ala130Cys,-0.0803551,0.0840615
urn:mavedb:00000115-a-6#2434,NA,NA,p.Ala130Asp,-0.06484528,0.11508711
urn:mavedb:00000115-a-6#2435,NA,NA,p.Ala130Glu,-0.04301213,0.09182098
urn:mavedb:00000115-a-6#2436,NA,NA,p.Ala130Phe,-0.1892832,0.06653321
urn:mavedb:00000115-a-6#2437,NA,NA,p.Ala130Gly,0.13644625,0.029559415
urn:mavedb:00000115-a-6#2438,NA,NA,p.Ala130His,0.044690646,0.05833218
urn:mavedb:00000115-a-6#2439,NA,NA,p.Ala130Ile,-0.21598934,0.061890017
urn:mavedb:00000115-a-6#2440,NA,NA,p.Ala130Lys,0.056159098,0.14358728
urn:mavedb:00000115-a-6#2441,NA,NA,p.Ala130Leu,-0.12899178,0.06382792
urn:mavedb:00000115-a-6#2442,NA,NA,p.Ala130Met,-0.21594203,0.0565824
urn:mavedb:00000115-a-6#2443,NA,NA,p.Ala130Asn,0.0754666,0.14355788
urn:mavedb:00000115-a-6#2444,NA,NA,p.Ala130Pro,-0.04319919,0.06715391
urn:mavedb:00000115-a-6#2445,NA,NA,p.Ala130Gln,-0.059540052,0.0935392
urn:mavedb:00000115-a-6#2446,NA,NA,p.Ala130Arg,-0.0022884249,0.11886421
urn:mavedb:00000115-a-6#2447,NA,NA,p.Ala130Ser,0.04407474,0.044068474
urn:mavedb:00000115-a-6#2448,NA,NA,p.Ala130Thr,-0.040043455,0.06067525
urn:mavedb:00000115-a-6#2449,NA,NA,p.Ala130Val,0.026742019,0.06586267
urn:mavedb:00000115-a-6#2450,NA,NA,p.Ala130Trp,-0.20154618,0.101648845
urn:mavedb:00000115-a-6#2451,NA,NA,p.Ala130Tyr,-0.18849656,0.11095059
urn:mavedb:00000115-a-6#2452,NA,NA,p.Gln131Ala,0.072623305,0.071844466
urn:mavedb:00000115-a-6#2453,NA,NA,p.Gln131Cys,0.08550151,0.1078961
urn:mavedb:00000115-a-6#2454,NA,NA,p.Gln131Asp,-0.021664407,0.12696862
urn:mavedb:00000115-a-6#2455,NA,NA,p.Gln131Glu,-0.037464406,0.08921019
urn:mavedb:00000115-a-6#2456,NA,NA,p.Gln131Phe,-0.039115664,0.049864866
urn:mavedb:00000115-a-6#2457,NA,NA,p.Gln131Gly,-0.07587569,0.072261214
urn:mavedb:00000115-a-6#2458,NA,NA,p.Gln131His,-0.052385624,0.11673348
urn:mavedb:00000115-a-6#2459,NA,NA,p.Gln131Ile,0.10256461,0.065966606
urn:mavedb:00000115-a-6#2460,NA,NA,p.Gln131Lys,0.028074332,0.096767664
urn:mavedb:00000115-a-6#2461,NA,NA,p.Gln131Leu,0.10083372,0.056901295
urn:mavedb:00000115-a-6#2462,NA,NA,p.Gln131Met,-0.008108438,0.08396021
urn:mavedb:00000115-a-6#2463,NA,NA,p.Gln131Asn,-0.0676614,0.11119336
urn:mavedb:00000115-a-6#2464,NA,NA,p.Gln131Pro,-0.013577339,0.09108348
urn:mavedb:00000115-a-6#2465,NA,NA,p.Gln131Arg,0.019463016,0.055474434
urn:mavedb:00000115-a-6#2466,NA,NA,p.Gln131Ser,-0.028844262,0.050305497
urn:mavedb:00000115-a-6#2467,NA,NA,p.Gln131Thr,-0.08048645,0.09925255
urn:mavedb:00000115-a-6#2468,NA,NA,p.Gln131Val,-0.034257952,0.07858784
urn:mavedb:00000115-a-6#2469,NA,NA,p.Gln131Trp,0.0776109,0.120579176
urn:mavedb:00000115-a-6#2470,NA,NA,p.Gln131Tyr,0.14927469,0.059002534
urn:mavedb:00000115-a-6#2471,NA,NA,p.Asp132Ala,0.11373278,0.08678949
urn:mavedb:00000115-a-6#2472,NA,NA,p.Asp132Cys,0.17426923,0.027744124
urn:mavedb:00000115-a-6#2473,NA,NA,p.Asp132Glu,0.081033796,0.040990245
urn:mavedb:00000115-a-6#2474,NA,NA,p.Asp132Phe,0.031227367,0.050622355
urn:mavedb:00000115-a-6#2475,NA,NA,p.Asp132Gly,0.10519991,0.024046956
urn:mavedb:00000115-a-6#2476,NA,NA,p.Asp132His,0.09630426,0.046820585
urn:mavedb:00000115-a-6#2477,NA,NA,p.Asp132Ile,0.11516164,0.036516204
urn:mavedb:00000115-a-6#2478,NA,NA,p.Asp132Lys,0.0017679448,0.03608581
urn:mavedb:00000115-a-6#2479,NA,NA,p.Asp132Leu,0.16832033,0.022142228
urn:mavedb:00000115-a-6#2480,NA,NA,p.Asp132Met,0.12897371,0.08812098
urn:mavedb:00000115-a-6#2481,NA,NA,p.Asp132Asn,0.061349012,0.06655259
urn:mavedb:00000115-a-6#2482,NA,NA,p.Asp132Pro,-0.04607293,0.1363859
urn:mavedb:00000115-a-6#2483,NA,NA,p.Asp132Gln,0.11644821,0.049780075
urn:mavedb:00000115-a-6#2484,NA,NA,p.Asp132Arg,0.15774617,0.020932242
urn:mavedb:00000115-a-6#2485,NA,NA,p.Asp132Ser,0.11158994,0.040019117
urn:mavedb:00000115-a-6#2486,NA,NA,p.Asp132Thr,0.1321705,0.068911895
urn:mavedb:00000115-a-6#2487,NA,NA,p.Asp132Val,0.11253343,0.06904729
urn:mavedb:00000115-a-6#2488,NA,NA,p.Asp132Trp,0.092011705,0.07467128
urn:mavedb:00000115-a-6#2489,NA,NA,p.Asp132Tyr,0.13398644,0.040419515
urn:mavedb:00000115-a-6#2490,NA,NA,p.Leu133Ala,0.14721018,0.010535211
urn:mavedb:00000115-a-6#2491,NA,NA,p.Leu133Cys,0.15330051,0.07391459
urn:mavedb:00000115-a-6#2492,NA,NA,p.Leu133Asp,0.05372478,0.104691625
urn:mavedb:00000115-a-6#2493,NA,NA,p.Leu133Glu,0.11677577,0.060469884
urn:mavedb:00000115-a-6#2494,NA,NA,p.Leu133Phe,0.1433279,0.052782055
urn:mavedb:00000115-a-6#2495,NA,NA,p.Leu133Gly,0.19092268,0.05845803
urn:mavedb:00000115-a-6#2496,NA,NA,p.Leu133His,-0.17080513,0.20118289
urn:mavedb:00000115-a-6#2497,NA,NA,p.Leu133Ile,0.080143504,0.07914709
urn:mavedb:00000115-a-6#2498,NA,NA,p.Leu133Lys,0.1540139,0.12077558
urn:mavedb:00000115-a-6#2499,NA,NA,p.Leu133Met,0.06867317,0.06747839
urn:mavedb:00000115-a-6#2500,NA,NA,p.Leu133Asn,-0.23816057,0.1560555
urn:mavedb:00000115-a-6#2501,NA,NA,p.Leu133Pro,0.09089686,0.11385407
urn:mavedb:00000115-a-6#2502,NA,NA,p.Leu133Gln,0.20275372,0.12653132
urn:mavedb:00000115-a-6#2503,NA,NA,p.Leu133Arg,0.18157566,0.09529059
urn:mavedb:00000115-a-6#2504,NA,NA,p.Leu133Ser,0.15942691,0.06400546
urn:mavedb:00000115-a-6#2505,NA,NA,p.Leu133Thr,0.029279707,0.08452225
urn:mavedb:00000115-a-6#2506,NA,NA,p.Leu133Val,0.0502618,0.04140584
urn:mavedb:00000115-a-6#2507,NA,NA,p.Leu133Trp,-0.028185902,0.08085096
urn:mavedb:00000115-a-6#2508,NA,NA,p.Leu133Tyr,-0.034676645,0.13254501
urn:mavedb:00000115-a-6#2509,NA,NA,p.Ala134Cys,-0.04072893,0.17804907
urn:mavedb:00000115-a-6#2510,NA,NA,p.Ala134Asp,0.20489451,0.1531392
urn:mavedb:00000115-a-6#2511,NA,NA,p.Ala134Glu,-0.38487273,0.13902435
urn:mavedb:00000115-a-6#2512,NA,NA,p.Ala134Phe,0.25218344,0.15159433
urn:mavedb:00000115-a-6#2513,NA,NA,p.Ala134Gly,-0.107688844,0.14749849
urn:mavedb:00000115-a-6#2514,NA,NA,p.Ala134His,NA,NA
urn:mavedb:00000115-a-6#2515,NA,NA,p.Ala134Ile,-0.06840201,0.17548637
urn:mavedb:00000115-a-6#2516,NA,NA,p.Ala134Lys,0.49551973,0.279241
urn:mavedb:00000115-a-6#2517,NA,NA,p.Ala134Leu,-0.050703418,0.24444468
urn:mavedb:00000115-a-6#2518,NA,NA,p.Ala134Met,-0.028592585,0.304288
urn:mavedb:00000115-a-6#2519,NA,NA,p.Ala134Asn,-0.03585956,0.22939053
urn:mavedb:00000115-a-6#2520,NA,NA,p.Ala134Pro,-0.015023773,0.24168336
urn:mavedb:00000115-a-6#2521,NA,NA,p.Ala134Gln,-0.025918482,0.24963474
urn:mavedb:00000115-a-6#2522,NA,NA,p.Ala134Arg,-0.11538482,0.13518521
urn:mavedb:00000115-a-6#2523,NA,NA,p.Ala134Ser,-0.040667903,0.12530027
urn:mavedb:00000115-a-6#2524,NA,NA,p.Ala134Thr,0.06754994,0.34877592
urn:mavedb:00000115-a-6#2525,NA,NA,p.Ala134Val,-0.046949085,0.17394343
urn:mavedb:00000115-a-6#2526,NA,NA,p.Ala134Trp,0.16862781,0.1260764
urn:mavedb:00000115-a-6#2527,NA,NA,p.Ala134Tyr,0.16401304,0.19917777
urn:mavedb:00000115-a-6#2528,NA,NA,p.Arg135Ala,0.041499134,0.08237171
urn:mavedb:00000115-a-6#2529,NA,NA,p.Arg135Cys,-0.07729177,0.16170917
urn:mavedb:00000115-a-6#2530,NA,NA,p.Arg135Asp,-0.24848264,0.17860557
urn:mavedb:00000115-a-6#2531,NA,NA,p.Arg135Glu,-0.118436605,0.20801818
urn:mavedb:00000115-a-6#2532,NA,NA,p.Arg135Phe,-0.021527158,0.084641635
urn:mavedb:00000115-a-6#2533,NA,NA,p.Arg135Gly,-0.052886453,0.08237079
urn:mavedb:00000115-a-6#2534,NA,NA,p.Arg135His,0.07028416,0.1455794
urn:mavedb:00000115-a-6#2535,NA,NA,p.Arg135Ile,-0.22428313,0.11635074
urn:mavedb:00000115-a-6#2536,NA,NA,p.Arg135Lys,-0.1281261,0.11205594
urn:mavedb:00000115-a-6#2537,NA,NA,p.Arg135Leu,-0.007185038,0.14174639
urn:mavedb:00000115-a-6#2538,NA,NA,p.Arg135Met,-0.13153143,0.16711327
urn:mavedb:00000115-a-6#2539,NA,NA,p.Arg135Asn,-0.11455912,0.12502424
urn:mavedb:00000115-a-6#2540,NA,NA,p.Arg135Pro,0.35334864,0.25067934
urn:mavedb:00000115-a-6#2541,NA,NA,p.Arg135Gln,-0.042831715,0.14443555
urn:mavedb:00000115-a-6#2542,NA,NA,p.Arg135Ser,-0.007547182,0.09245895
urn:mavedb:00000115-a-6#2543,NA,NA,p.Arg135Thr,0.031560168,0.058657866
urn:mavedb:00000115-a-6#2544,NA,NA,p.Arg135Val,0.038288847,0.077801086
urn:mavedb:00000115-a-6#2545,NA,NA,p.Arg135Trp,0.0018286563,0.17933026
urn:mavedb:00000115-a-6#2546,NA,NA,p.Arg135Tyr,-0.23908575,0.17742436
urn:mavedb:00000115-a-6#2547,NA,NA,p.Ser136Ala,-0.10756092,0.2047456
urn:mavedb:00000115-a-6#2548,NA,NA,p.Ser136Cys,0.02667985,0.14578056
urn:mavedb:00000115-a-6#2549,NA,NA,p.Ser136Asp,-0.3234094,0.1348547
urn:mavedb:00000115-a-6#2550,NA,NA,p.Ser136Glu,0.03133315,0.22019163
urn:mavedb:00000115-a-6#2551,NA,NA,p.Ser136Phe,0.01229615,0.08456844
urn:mavedb:00000115-a-6#2552,NA,NA,p.Ser136Gly,0.079766475,0.058004443
urn:mavedb:00000115-a-6#2553,NA,NA,p.Ser136His,-0.15903874,0.21380463
urn:mavedb:00000115-a-6#2554,NA,NA,p.Ser136Ile,0.050138354,0.05584733
urn:mavedb:00000115-a-6#2555,NA,NA,p.Ser136Lys,-0.0011815218,0.19518833
urn:mavedb:00000115-a-6#2556,NA,NA,p.Ser136Leu,-0.040348254,0.12821369
urn:mavedb:00000115-a-6#2557,NA,NA,p.Ser136Met,-0.19332178,0.1409208
urn:mavedb:00000115-a-6#2558,NA,NA,p.Ser136Asn,0.043185517,0.19932938
urn:mavedb:00000115-a-6#2559,NA,NA,p.Ser136Pro,-0.19565949,0.13571627
urn:mavedb:00000115-a-6#2560,NA,NA,p.Ser136Gln,-0.17107378,0.1581972
urn:mavedb:00000115-a-6#2561,NA,NA,p.Ser136Arg,0.10588948,0.12557228
urn:mavedb:00000115-a-6#2562,NA,NA,p.Ser136Thr,0.14090545,0.14911674
urn:mavedb:00000115-a-6#2563,NA,NA,p.Ser136Val,-0.018006064,0.12718731
urn:mavedb:00000115-a-6#2564,NA,NA,p.Ser136Trp,0.38922843,0.20043193
urn:mavedb:00000115-a-6#2565,NA,NA,p.Ser136Tyr,-0.1164083,0.11941136
urn:mavedb:00000115-a-6#2566,NA,NA,p.Tyr137Ala,0.13937524,0.104348265
urn:mavedb:00000115-a-6#2567,NA,NA,p.Tyr137Cys,0.08762874,0.06898733
urn:mavedb:00000115-a-6#2568,NA,NA,p.Tyr137Asp,0.005131735,0.18083826
urn:mavedb:00000115-a-6#2569,NA,NA,p.Tyr137Glu,0.053262103,0.08607121
urn:mavedb:00000115-a-6#2570,NA,NA,p.Tyr137Phe,0.07346299,0.04367799
urn:mavedb:00000115-a-6#2571,NA,NA,p.Tyr137Gly,0.032837056,0.08935237
urn:mavedb:00000115-a-6#2572,NA,NA,p.Tyr137His,0.039449837,0.0687113
urn:mavedb:00000115-a-6#2573,NA,NA,p.Tyr137Ile,-0.11968295,0.120709226
urn:mavedb:00000115-a-6#2574,NA,NA,p.Tyr137Lys,0.07427534,0.01355656
urn:mavedb:00000115-a-6#2575,NA,NA,p.Tyr137Leu,-0.06772848,0.09065821
urn:mavedb:00000115-a-6#2576,NA,NA,p.Tyr137Met,-0.118251815,0.09192206
urn:mavedb:00000115-a-6#2577,NA,NA,p.Tyr137Asn,-0.0393115,0.10065267
urn:mavedb:00000115-a-6#2578,NA,NA,p.Tyr137Pro,-0.021775575,0.2808258
urn:mavedb:00000115-a-6#2579,NA,NA,p.Tyr137Gln,0.24013263,0.07772883
urn:mavedb:00000115-a-6#2580,NA,NA,p.Tyr137Arg,0.117301516,0.16392007
urn:mavedb:00000115-a-6#2581,NA,NA,p.Tyr137Ser,-0.06917125,0.11875997
urn:mavedb:00000115-a-6#2582,NA,NA,p.Tyr137Thr,0.020058481,0.18033965
urn:mavedb:00000115-a-6#2583,NA,NA,p.Tyr137Val,0.0044893925,0.072709665
urn:mavedb:00000115-a-6#2584,NA,NA,p.Tyr137Trp,0.09826239,0.1083979
urn:mavedb:00000115-a-6#2585,NA,NA,p.Gly138Ala,0.10325812,0.19915685
urn:mavedb:00000115-a-6#2586,NA,NA,p.Gly138Cys,0.11231673,0.13746361
urn:mavedb:00000115-a-6#2587,NA,NA,p.Gly138Asp,0.16846824,0.19857328
urn:mavedb:00000115-a-6#2588,NA,NA,p.Gly138Glu,-0.0058691846,0.1617143
urn:mavedb:00000115-a-6#2589,NA,NA,p.Gly138Phe,0.07072686,0.3343342
urn:mavedb:00000115-a-6#2590,NA,NA,p.Gly138His,0.4872612,0.14463218
urn:mavedb:00000115-a-6#2591,NA,NA,p.Gly138Ile,0.45086917,0.28027195
urn:mavedb:00000115-a-6#2592,NA,NA,p.Gly138Lys,NA,NA
urn:mavedb:00000115-a-6#2593,NA,NA,p.Gly138Leu,0.558337,0.16694424
urn:mavedb:00000115-a-6#2594,NA,NA,p.Gly138Met,0.11593292,0.23444058
urn:mavedb:00000115-a-6#2595,NA,NA,p.Gly138Asn,0.0810513,0.26895684
urn:mavedb:00000115-a-6#2596,NA,NA,p.Gly138Pro,NA,NA
urn:mavedb:00000115-a-6#2597,NA,NA,p.Gly138Gln,NA,NA
urn:mavedb:00000115-a-6#2598,NA,NA,p.Gly138Arg,-0.26250392,0.2129612
urn:mavedb:00000115-a-6#2599,NA,NA,p.Gly138Ser,0.08020885,0.29365584
urn:mavedb:00000115-a-6#2600,NA,NA,p.Gly138Thr,0.3201158,0.2654419
urn:mavedb:00000115-a-6#2601,NA,NA,p.Gly138Val,0.18834715,0.27108917
urn:mavedb:00000115-a-6#2602,NA,NA,p.Gly138Trp,0.29794756,0.11778666
urn:mavedb:00000115-a-6#2603,NA,NA,p.Gly138Tyr,0.26104733,0.17441034
urn:mavedb:00000115-a-6#2604,NA,NA,p.Ile139Ala,0.16640781,0.12616044
urn:mavedb:00000115-a-6#2605,NA,NA,p.Ile139Cys,-0.010794216,0.16375276
urn:mavedb:00000115-a-6#2606,NA,NA,p.Ile139Asp,0.2663067,0.13702738
urn:mavedb:00000115-a-6#2607,NA,NA,p.Ile139Glu,-0.09180703,0.32056972
urn:mavedb:00000115-a-6#2608,NA,NA,p.Ile139Phe,0.13353866,0.11071903
urn:mavedb:00000115-a-6#2609,NA,NA,p.Ile139Gly,-0.025209118,0.18372609
urn:mavedb:00000115-a-6#2610,NA,NA,p.Ile139His,0.12806137,0.21070036
urn:mavedb:00000115-a-6#2611,NA,NA,p.Ile139Lys,0.42179283,0.13922626
urn:mavedb:00000115-a-6#2612,NA,NA,p.Ile139Leu,-0.22281247,0.27313364
urn:mavedb:00000115-a-6#2613,NA,NA,p.Ile139Met,0.22372986,0.0917769
urn:mavedb:00000115-a-6#2614,NA,NA,p.Ile139Asn,0.21082193,0.13571562
urn:mavedb:00000115-a-6#2615,NA,NA,p.Ile139Pro,NA,NA
urn:mavedb:00000115-a-6#2616,NA,NA,p.Ile139Gln,0.54032344,0.21080635
urn:mavedb:00000115-a-6#2617,NA,NA,p.Ile139Arg,0.07786621,0.19137211
urn:mavedb:00000115-a-6#2618,NA,NA,p.Ile139Ser,0.14344992,0.046624396
urn:mavedb:00000115-a-6#2619,NA,NA,p.Ile139Thr,0.016853902,0.16074128
urn:mavedb:00000115-a-6#2620,NA,NA,p.Ile139Val,0.05977829,0.084865086
urn:mavedb:00000115-a-6#2621,NA,NA,p.Ile139Trp,0.12976648,0.32017496
urn:mavedb:00000115-a-6#2622,NA,NA,p.Ile139Tyr,-0.106632955,0.21933275
urn:mavedb:00000115-a-6#2623,NA,NA,p.Pro140Ala,NA,NA
urn:mavedb:00000115-a-6#2624,NA,NA,p.Pro140Cys,NA,NA
urn:mavedb:00000115-a-6#2625,NA,NA,p.Pro140Asp,NA,NA
urn:mavedb:00000115-a-6#2626,NA,NA,p.Pro140Glu,NA,NA
urn:mavedb:00000115-a-6#2627,NA,NA,p.Pro140Phe,NA,NA
urn:mavedb:00000115-a-6#2628,NA,NA,p.Pro140Gly,NA,NA
urn:mavedb:00000115-a-6#2629,NA,NA,p.Pro140His,0.2602979,0.2383279
urn:mavedb:00000115-a-6#2630,NA,NA,p.Pro140Ile,NA,NA
urn:mavedb:00000115-a-6#2631,NA,NA,p.Pro140Lys,NA,NA
urn:mavedb:00000115-a-6#2632,NA,NA,p.Pro140Leu,0.49866253,0.15121394
urn:mavedb:00000115-a-6#2633,NA,NA,p.Pro140Met,NA,NA
urn:mavedb:00000115-a-6#2634,NA,NA,p.Pro140Asn,NA,NA
urn:mavedb:00000115-a-6#2635,NA,NA,p.Pro140Gln,NA,NA
urn:mavedb:00000115-a-6#2636,NA,NA,p.Pro140Arg,0.49373862,0.19179615
urn:mavedb:00000115-a-6#2637,NA,NA,p.Pro140Ser,0.29147395,0.2723908
urn:mavedb:00000115-a-6#2638,NA,NA,p.Pro140Thr,NA,NA
urn:mavedb:00000115-a-6#2639,NA,NA,p.Pro140Val,0.7441946,0.10477971
urn:mavedb:00000115-a-6#2640,NA,NA,p.Pro140Trp,1.3948624,0.07533607
urn:mavedb:00000115-a-6#2641,NA,NA,p.Pro140Tyr,NA,NA
urn:mavedb:00000115-a-6#2642,NA,NA,p.Phe141Ala,0.316895,0.16026266
urn:mavedb:00000115-a-6#2643,NA,NA,p.Phe141Cys,-0.057345856,0.20388672
urn:mavedb:00000115-a-6#2644,NA,NA,p.Phe141Asp,0.3163519,0.26038468
urn:mavedb:00000115-a-6#2645,NA,NA,p.Phe141Glu,0.6936581,0.10750788
urn:mavedb:00000115-a-6#2646,NA,NA,p.Phe141Gly,0.23627052,0.2553616
urn:mavedb:00000115-a-6#2647,NA,NA,p.Phe141His,0.12597221,0.16305928
urn:mavedb:00000115-a-6#2648,NA,NA,p.Phe141Ile,0.19253272,0.16172482
urn:mavedb:00000115-a-6#2649,NA,NA,p.Phe141Lys,NA,NA
urn:mavedb:00000115-a-6#2650,NA,NA,p.Phe141Leu,0.0020112353,0.2537366
urn:mavedb:00000115-a-6#2651,NA,NA,p.Phe141Met,0.21170816,0.33520913
urn:mavedb:00000115-a-6#2652,NA,NA,p.Phe141Asn,0.04681328,0.23472682
urn:mavedb:00000115-a-6#2653,NA,NA,p.Phe141Pro,1.0172155,0.1526235
urn:mavedb:00000115-a-6#2654,NA,NA,p.Phe141Gln,NA,NA
urn:mavedb:00000115-a-6#2655,NA,NA,p.Phe141Arg,0.26472095,0.24867783
urn:mavedb:00000115-a-6#2656,NA,NA,p.Phe141Ser,0.15455134,0.17891388
urn:mavedb:00000115-a-6#2657,NA,NA,p.Phe141Thr,0.4030012,0.162337
urn:mavedb:00000115-a-6#2658,NA,NA,p.Phe141Val,-0.042685468,0.37581435
urn:mavedb:00000115-a-6#2659,NA,NA,p.Phe141Trp,0.5765814,0.1906149
urn:mavedb:00000115-a-6#2660,NA,NA,p.Phe141Tyr,-0.34173593,0.23235299
urn:mavedb:00000115-a-6#2661,NA,NA,p.Ile142Ala,-0.13978362,0.1586334
urn:mavedb:00000115-a-6#2662,NA,NA,p.Ile142Cys,-0.17064728,0.22495024
urn:mavedb:00000115-a-6#2663,NA,NA,p.Ile142Asp,0.46606442,0.18821447
urn:mavedb:00000115-a-6#2664,NA,NA,p.Ile142Glu,NA,NA
urn:mavedb:00000115-a-6#2665,NA,NA,p.Ile142Phe,0.054777075,0.09209287
urn:mavedb:00000115-a-6#2666,NA,NA,p.Ile142Gly,0.24562672,0.3029199
urn:mavedb:00000115-a-6#2667,NA,NA,p.Ile142His,0.10133675,0.15452589
urn:mavedb:00000115-a-6#2668,NA,NA,p.Ile142Lys,-0.08779065,0.20194866
urn:mavedb:00000115-a-6#2669,NA,NA,p.Ile142Leu,0.12540719,0.053385317
urn:mavedb:00000115-a-6#2670,NA,NA,p.Ile142Met,0.21040845,0.19639805
urn:mavedb:00000115-a-6#2671,NA,NA,p.Ile142Asn,0.23469521,0.24222657
urn:mavedb:00000115-a-6#2672,NA,NA,p.Ile142Pro,0.40659803,0.52502435
urn:mavedb:00000115-a-6#2673,NA,NA,p.Ile142Gln,0.4733271,0.03747971
urn:mavedb:00000115-a-6#2674,NA,NA,p.Ile142Arg,-0.11948203,0.24231535
urn:mavedb:00000115-a-6#2675,NA,NA,p.Ile142Ser,-0.17940411,0.082743704
urn:mavedb:00000115-a-6#2676,NA,NA,p.Ile142Thr,0.0638789,0.2565481
urn:mavedb:00000115-a-6#2677,NA,NA,p.Ile142Val,0.008091284,0.14804888
urn:mavedb:00000115-a-6#2678,NA,NA,p.Ile142Trp,-0.11136334,0.35868835
urn:mavedb:00000115-a-6#2679,NA,NA,p.Ile142Tyr,0.14313842,0.17628865
urn:mavedb:00000115-a-6#2680,NA,NA,p.Glu143Ala,NA,NA
urn:mavedb:00000115-a-6#2681,NA,NA,p.Glu143Cys,0.20717056,0.17215374
urn:mavedb:00000115-a-6#2682,NA,NA,p.Glu143Asp,-0.035594143,0.050918534
urn:mavedb:00000115-a-6#2683,NA,NA,p.Glu143Phe,NA,NA
urn:mavedb:00000115-a-6#2684,NA,NA,p.Glu143Gly,-0.0037421968,0.18133263
urn:mavedb:00000115-a-6#2685,NA,NA,p.Glu143His,NA,NA
urn:mavedb:00000115-a-6#2686,NA,NA,p.Glu143Ile,NA,NA
urn:mavedb:00000115-a-6#2687,NA,NA,p.Glu143Lys,NA,NA
urn:mavedb:00000115-a-6#2688,NA,NA,p.Glu143Leu,NA,NA
urn:mavedb:00000115-a-6#2689,NA,NA,p.Glu143Met,NA,NA
urn:mavedb:00000115-a-6#2690,NA,NA,p.Glu143Asn,NA,NA
urn:mavedb:00000115-a-6#2691,NA,NA,p.Glu143Pro,NA,NA
urn:mavedb:00000115-a-6#2692,NA,NA,p.Glu143Gln,NA,NA
urn:mavedb:00000115-a-6#2693,NA,NA,p.Glu143Arg,NA,NA
urn:mavedb:00000115-a-6#2694,NA,NA,p.Glu143Ser,0.14334482,0.19242993
urn:mavedb:00000115-a-6#2695,NA,NA,p.Glu143Thr,NA,NA
urn:mavedb:00000115-a-6#2696,NA,NA,p.Glu143Val,0.24128225,0.18816578
urn:mavedb:00000115-a-6#2697,NA,NA,p.Glu143Trp,NA,NA
urn:mavedb:00000115-a-6#2698,NA,NA,p.Glu143Tyr,0.42217064,0.16026485
urn:mavedb:00000115-a-6#2699,NA,NA,p.Thr144Ala,NA,NA
urn:mavedb:00000115-a-6#2700,NA,NA,p.Thr144Cys,NA,NA
urn:mavedb:00000115-a-6#2701,NA,NA,p.Thr144Asp,NA,NA
urn:mavedb:00000115-a-6#2702,NA,NA,p.Thr144Glu,0.33901277,0.089407936
urn:mavedb:00000115-a-6#2703,NA,NA,p.Thr144Phe,NA,NA
urn:mavedb:00000115-a-6#2704,NA,NA,p.Thr144Gly,0.23439701,0.12129362
urn:mavedb:00000115-a-6#2705,NA,NA,p.Thr144His,0.109694414,0.1209465
urn:mavedb:00000115-a-6#2706,NA,NA,p.Thr144Ile,-0.29089198,0.27841085
urn:mavedb:00000115-a-6#2707,NA,NA,p.Thr144Lys,NA,NA
urn:mavedb:00000115-a-6#2708,NA,NA,p.Thr144Leu,0.3408174,0.08725822
urn:mavedb:00000115-a-6#2709,NA,NA,p.Thr144Met,0.21568346,0.16369155
urn:mavedb:00000115-a-6#2710,NA,NA,p.Thr144Asn,NA,NA
urn:mavedb:00000115-a-6#2711,NA,NA,p.Thr144Pro,NA,NA
urn:mavedb:00000115-a-6#2712,NA,NA,p.Thr144Gln,0.2873555,0.12578554
urn:mavedb:00000115-a-6#2713,NA,NA,p.Thr144Arg,NA,NA
urn:mavedb:00000115-a-6#2714,NA,NA,p.Thr144Ser,-0.053685002,0.18368869
urn:mavedb:00000115-a-6#2715,NA,NA,p.Thr144Val,-0.10739446,0.23701018
urn:mavedb:00000115-a-6#2716,NA,NA,p.Thr144Trp,NA,NA
urn:mavedb:00000115-a-6#2717,NA,NA,p.Thr144Tyr,0.15372422,0.22796975
urn:mavedb:00000115-a-6#2718,NA,NA,p.Ser145Ala,-0.29956943,0.0985559
urn:mavedb:00000115-a-6#2719,NA,NA,p.Ser145Cys,-0.024863347,0.11952987
urn:mavedb:00000115-a-6#2720,NA,NA,p.Ser145Asp,-0.43613684,0.36545756
urn:mavedb:00000115-a-6#2721,NA,NA,p.Ser145Glu,-0.3975197,0.2511045
urn:mavedb:00000115-a-6#2722,NA,NA,p.Ser145Phe,-0.055689428,0.17112844
urn:mavedb:00000115-a-6#2723,NA,NA,p.Ser145Gly,-0.42659664,0.15294793
urn:mavedb:00000115-a-6#2724,NA,NA,p.Ser145His,NA,NA
urn:mavedb:00000115-a-6#2725,NA,NA,p.Ser145Ile,-0.28994688,0.16898054
urn:mavedb:00000115-a-6#2726,NA,NA,p.Ser145Lys,0.10126162,0.088653035
urn:mavedb:00000115-a-6#2727,NA,NA,p.Ser145Leu,0.16255865,0.0882815
urn:mavedb:00000115-a-6#2728,NA,NA,p.Ser145Met,NA,NA
urn:mavedb:00000115-a-6#2729,NA,NA,p.Ser145Asn,-0.1490853,0.28128967
urn:mavedb:00000115-a-6#2730,NA,NA,p.Ser145Pro,1.0818592,0.4632975
urn:mavedb:00000115-a-6#2731,NA,NA,p.Ser145Gln,0.37799123,0.09657572
urn:mavedb:00000115-a-6#2732,NA,NA,p.Ser145Arg,-0.091205426,0.22121799
urn:mavedb:00000115-a-6#2733,NA,NA,p.Ser145Thr,0.036455926,0.28857422
urn:mavedb:00000115-a-6#2734,NA,NA,p.Ser145Val,0.13120802,0.16131851
urn:mavedb:00000115-a-6#2735,NA,NA,p.Ser145Trp,0.21951121,0.24697958
urn:mavedb:00000115-a-6#2736,NA,NA,p.Ser145Tyr,-0.014234809,0.1897226
urn:mavedb:00000115-a-6#2737,NA,NA,p.Ala146Cys,NA,NA
urn:mavedb:00000115-a-6#2738,NA,NA,p.Ala146Asp,NA,NA
urn:mavedb:00000115-a-6#2739,NA,NA,p.Ala146Glu,NA,NA
urn:mavedb:00000115-a-6#2740,NA,NA,p.Ala146Phe,1.109703,0.029820863
urn:mavedb:00000115-a-6#2741,NA,NA,p.Ala146Gly,0.06404313,0.2764551
urn:mavedb:00000115-a-6#2742,NA,NA,p.Ala146His,NA,NA
urn:mavedb:00000115-a-6#2743,NA,NA,p.Ala146Ile,0.81562066,0.5441094
urn:mavedb:00000115-a-6#2744,NA,NA,p.Ala146Lys,NA,NA
urn:mavedb:00000115-a-6#2745,NA,NA,p.Ala146Leu,NA,NA
urn:mavedb:00000115-a-6#2746,NA,NA,p.Ala146Met,NA,NA
urn:mavedb:00000115-a-6#2747,NA,NA,p.Ala146Asn,NA,NA
urn:mavedb:00000115-a-6#2748,NA,NA,p.Ala146Pro,NA,NA
urn:mavedb:00000115-a-6#2749,NA,NA,p.Ala146Gln,NA,NA
urn:mavedb:00000115-a-6#2750,NA,NA,p.Ala146Arg,NA,NA
urn:mavedb:00000115-a-6#2751,NA,NA,p.Ala146Ser,0.02717766,0.19765341
urn:mavedb:00000115-a-6#2752,NA,NA,p.Ala146Thr,NA,NA
urn:mavedb:00000115-a-6#2753,NA,NA,p.Ala146Val,0.00020078523,0.6086841
urn:mavedb:00000115-a-6#2754,NA,NA,p.Ala146Trp,NA,NA
urn:mavedb:00000115-a-6#2755,NA,NA,p.Ala146Tyr,0.707981,0.41843233
urn:mavedb:00000115-a-6#2756,NA,NA,p.Lys147Ala,NA,NA
urn:mavedb:00000115-a-6#2757,NA,NA,p.Lys147Cys,NA,NA
urn:mavedb:00000115-a-6#2758,NA,NA,p.Lys147Asp,NA,NA
urn:mavedb:00000115-a-6#2759,NA,NA,p.Lys147Glu,0.017711317,0.0446828
urn:mavedb:00000115-a-6#2760,NA,NA,p.Lys147Phe,NA,NA
urn:mavedb:00000115-a-6#2761,NA,NA,p.Lys147Gly,-0.26051155,0.2472108
urn:mavedb:00000115-a-6#2762,NA,NA,p.Lys147His,NA,NA
urn:mavedb:00000115-a-6#2763,NA,NA,p.Lys147Ile,NA,NA
urn:mavedb:00000115-a-6#2764,NA,NA,p.Lys147Leu,0.18354583,0.11340968
urn:mavedb:00000115-a-6#2765,NA,NA,p.Lys147Met,NA,NA
urn:mavedb:00000115-a-6#2766,NA,NA,p.Lys147Asn,NA,NA
urn:mavedb:00000115-a-6#2767,NA,NA,p.Lys147Pro,NA,NA
urn:mavedb:00000115-a-6#2768,NA,NA,p.Lys147Gln,NA,NA
urn:mavedb:00000115-a-6#2769,NA,NA,p.Lys147Arg,0.036330286,0.17406063
urn:mavedb:00000115-a-6#2770,NA,NA,p.Lys147Ser,NA,NA
urn:mavedb:00000115-a-6#2771,NA,NA,p.Lys147Thr,NA,NA
urn:mavedb:00000115-a-6#2772,NA,NA,p.Lys147Val,NA,NA
urn:mavedb:00000115-a-6#2773,NA,NA,p.Lys147Trp,NA,NA
urn:mavedb:00000115-a-6#2774,NA,NA,p.Lys147Tyr,NA,NA
urn:mavedb:00000115-a-6#2775,NA,NA,p.Thr148Ala,-0.797364,0.29359248
urn:mavedb:00000115-a-6#2776,NA,NA,p.Thr148Cys,NA,NA
urn:mavedb:00000115-a-6#2777,NA,NA,p.Thr148Asp,NA,NA
urn:mavedb:00000115-a-6#2778,NA,NA,p.Thr148Glu,NA,NA
urn:mavedb:00000115-a-6#2779,NA,NA,p.Thr148Phe,NA,NA
urn:mavedb:00000115-a-6#2780,NA,NA,p.Thr148Gly,NA,NA
urn:mavedb:00000115-a-6#2781,NA,NA,p.Thr148His,NA,NA
urn:mavedb:00000115-a-6#2782,NA,NA,p.Thr148Ile,NA,NA
urn:mavedb:00000115-a-6#2783,NA,NA,p.Thr148Lys,NA,NA
urn:mavedb:00000115-a-6#2784,NA,NA,p.Thr148Leu,NA,NA
urn:mavedb:00000115-a-6#2785,NA,NA,p.Thr148Met,NA,NA
urn:mavedb:00000115-a-6#2786,NA,NA,p.Thr148Asn,NA,NA
urn:mavedb:00000115-a-6#2787,NA,NA,p.Thr148Pro,0.0880521,0.06178378
urn:mavedb:00000115-a-6#2788,NA,NA,p.Thr148Gln,NA,NA
urn:mavedb:00000115-a-6#2789,NA,NA,p.Thr148Arg,-0.12786406,0.23714705
urn:mavedb:00000115-a-6#2790,NA,NA,p.Thr148Ser,-0.10692978,0.17170717
urn:mavedb:00000115-a-6#2791,NA,NA,p.Thr148Val,NA,NA
urn:mavedb:00000115-a-6#2792,NA,NA,p.Thr148Trp,NA,NA
urn:mavedb:00000115-a-6#2793,NA,NA,p.Thr148Tyr,0.07569505,0.13595723
urn:mavedb:00000115-a-6#2794,NA,NA,p.Arg149Ala,0.14532338,0.12668054
urn:mavedb:00000115-a-6#2795,NA,NA,p.Arg149Cys,0.047285225,0.20606065
urn:mavedb:00000115-a-6#2796,NA,NA,p.Arg149Asp,-0.28708875,0.33889055
urn:mavedb:00000115-a-6#2797,NA,NA,p.Arg149Glu,0.3991632,0.15011257
urn:mavedb:00000115-a-6#2798,NA,NA,p.Arg149Phe,-0.06846795,0.22489686
urn:mavedb:00000115-a-6#2799,NA,NA,p.Arg149Gly,0.046317894,0.09872734
urn:mavedb:00000115-a-6#2800,NA,NA,p.Arg149His,NA,NA
urn:mavedb:00000115-a-6#2801,NA,NA,p.Arg149Ile,0.27008414,0.3320207
urn:mavedb:00000115-a-6#2802,NA,NA,p.Arg149Lys,NA,NA
urn:mavedb:00000115-a-6#2803,NA,NA,p.Arg149Leu,0.052137274,0.23361444
urn:mavedb:00000115-a-6#2804,NA,NA,p.Arg149Met,-0.4197616,0.2800514
urn:mavedb:00000115-a-6#2805,NA,NA,p.Arg149Asn,-0.38458803,0.14478746
urn:mavedb:00000115-a-6#2806,NA,NA,p.Arg149Pro,NA,NA
urn:mavedb:00000115-a-6#2807,NA,NA,p.Arg149Gln,NA,NA
urn:mavedb:00000115-a-6#2808,NA,NA,p.Arg149Ser,0.13977759,0.16277207
urn:mavedb:00000115-a-6#2809,NA,NA,p.Arg149Thr,-0.7765331,0.29735386
urn:mavedb:00000115-a-6#2810,NA,NA,p.Arg149Val,0.08826133,0.010352987
urn:mavedb:00000115-a-6#2811,NA,NA,p.Arg149Trp,0.18017842,0.25303566
urn:mavedb:00000115-a-6#2812,NA,NA,p.Arg149Tyr,-0.17723428,0.083470516
urn:mavedb:00000115-a-6#2813,NA,NA,p.Gln150Ala,-0.16621424,0.19792251
urn:mavedb:00000115-a-6#2814,NA,NA,p.Gln150Cys,-0.0035402644,0.19584
urn:mavedb:00000115-a-6#2815,NA,NA,p.Gln150Asp,-0.020216716,0.14812464
urn:mavedb:00000115-a-6#2816,NA,NA,p.Gln150Glu,0.049517196,0.21919253
urn:mavedb:00000115-a-6#2817,NA,NA,p.Gln150Phe,0.32796997,0.1046855
urn:mavedb:00000115-a-6#2818,NA,NA,p.Gln150Gly,0.0007668329,0.26671627
urn:mavedb:00000115-a-6#2819,NA,NA,p.Gln150His,0.2869643,0.19202504
urn:mavedb:00000115-a-6#2820,NA,NA,p.Gln150Ile,NA,NA
urn:mavedb:00000115-a-6#2821,NA,NA,p.Gln150Lys,0.04335853,0.13789934
urn:mavedb:00000115-a-6#2822,NA,NA,p.Gln150Leu,0.008961995,0.19025092
urn:mavedb:00000115-a-6#2823,NA,NA,p.Gln150Met,0.38608506,0.10995474
urn:mavedb:00000115-a-6#2824,NA,NA,p.Gln150Asn,-0.045841362,0.33518586
urn:mavedb:00000115-a-6#2825,NA,NA,p.Gln150Pro,-0.14740597,0.32548904
urn:mavedb:00000115-a-6#2826,NA,NA,p.Gln150Arg,0.033883877,0.038794987
urn:mavedb:00000115-a-6#2827,NA,NA,p.Gln150Ser,-0.39516953,0.28398624
urn:mavedb:00000115-a-6#2828,NA,NA,p.Gln150Thr,0.20083535,0.14772542
urn:mavedb:00000115-a-6#2829,NA,NA,p.Gln150Val,0.25105956,0.23033209
urn:mavedb:00000115-a-6#2830,NA,NA,p.Gln150Trp,0.2146388,0.14183885
urn:mavedb:00000115-a-6#2831,NA,NA,p.Gln150Tyr,NA,NA
urn:mavedb:00000115-a-6#2832,NA,NA,p.Gly151Ala,0.049382668,0.26251438
urn:mavedb:00000115-a-6#2833,NA,NA,p.Gly151Cys,-0.005181483,0.20700972
urn:mavedb:00000115-a-6#2834,NA,NA,p.Gly151Asp,0.1127164,0.14988159
urn:mavedb:00000115-a-6#2835,NA,NA,p.Gly151Glu,0.05414177,0.1421622
urn:mavedb:00000115-a-6#2836,NA,NA,p.Gly151Phe,0.042101245,0.13463223
urn:mavedb:00000115-a-6#2837,NA,NA,p.Gly151His,-0.41221383,0.24584036
urn:mavedb:00000115-a-6#2838,NA,NA,p.Gly151Ile,0.06530604,0.15157764
urn:mavedb:00000115-a-6#2839,NA,NA,p.Gly151Lys,0.011420679,0.15365878
urn:mavedb:00000115-a-6#2840,NA,NA,p.Gly151Leu,-0.03106128,0.12790245
urn:mavedb:00000115-a-6#2841,NA,NA,p.Gly151Met,-0.057382464,0.25266373
urn:mavedb:00000115-a-6#2842,NA,NA,p.Gly151Asn,-0.15473837,0.16037445
urn:mavedb:00000115-a-6#2843,NA,NA,p.Gly151Pro,-0.3878776,0.24189332
urn:mavedb:00000115-a-6#2844,NA,NA,p.Gly151Gln,-0.14196719,0.21212806
urn:mavedb:00000115-a-6#2845,NA,NA,p.Gly151Arg,-0.054976095,0.17958465
urn:mavedb:00000115-a-6#2846,NA,NA,p.Gly151Ser,-0.20527998,0.1284386
urn:mavedb:00000115-a-6#2847,NA,NA,p.Gly151Thr,-0.109078534,0.3100584
urn:mavedb:00000115-a-6#2848,NA,NA,p.Gly151Val,-0.18091558,0.13711591
urn:mavedb:00000115-a-6#2849,NA,NA,p.Gly151Trp,-0.061527736,0.21546844
urn:mavedb:00000115-a-6#2850,NA,NA,p.Gly151Tyr,-0.355251,0.27741796
urn:mavedb:00000115-a-6#2851,NA,NA,p.Val152Ala,-0.02188918,0.062293023
urn:mavedb:00000115-a-6#2852,NA,NA,p.Val152Cys,0.044054855,0.054640077
urn:mavedb:00000115-a-6#2853,NA,NA,p.Val152Asp,-0.0053994297,0.11484588
urn:mavedb:00000115-a-6#2854,NA,NA,p.Val152Glu,-0.13532002,0.076894686
urn:mavedb:00000115-a-6#2855,NA,NA,p.Val152Phe,-0.101429924,0.05789896
urn:mavedb:00000115-a-6#2856,NA,NA,p.Val152Gly,-0.033884987,0.045963787
urn:mavedb:00000115-a-6#2857,NA,NA,p.Val152His,-0.070892796,0.14838678
urn:mavedb:00000115-a-6#2858,NA,NA,p.Val152Ile,-0.031191377,0.04767332
urn:mavedb:00000115-a-6#2859,NA,NA,p.Val152Lys,-0.30609953,0.12390778
urn:mavedb:00000115-a-6#2860,NA,NA,p.Val152Leu,-0.04473429,0.03287928
urn:mavedb:00000115-a-6#2861,NA,NA,p.Val152Met,-0.02651448,0.05960287
urn:mavedb:00000115-a-6#2862,NA,NA,p.Val152Asn,-0.048574153,0.08521871
urn:mavedb:00000115-a-6#2863,NA,NA,p.Val152Pro,-0.061569516,0.06735327
urn:mavedb:00000115-a-6#2864,NA,NA,p.Val152Gln,-0.1984972,0.07514573
urn:mavedb:00000115-a-6#2865,NA,NA,p.Val152Arg,-0.17443259,0.112262286
urn:mavedb:00000115-a-6#2866,NA,NA,p.Val152Ser,-0.123948276,0.073696636
urn:mavedb:00000115-a-6#2867,NA,NA,p.Val152Thr,-0.043207545,0.061996773
urn:mavedb:00000115-a-6#2868,NA,NA,p.Val152Trp,-0.3478709,0.09572835
urn:mavedb:00000115-a-6#2869,NA,NA,p.Val152Tyr,-0.16007616,0.14571656
urn:mavedb:00000115-a-6#2870,NA,NA,p.Asp153Ala,-0.013990201,0.028864551
urn:mavedb:00000115-a-6#2871,NA,NA,p.Asp153Cys,0.09274202,0.02710295
urn:mavedb:00000115-a-6#2872,NA,NA,p.Asp153Glu,0.015511871,0.017173182
urn:mavedb:00000115-a-6#2873,NA,NA,p.Asp153Phe,0.060905524,0.030025331
urn:mavedb:00000115-a-6#2874,NA,NA,p.Asp153Gly,0.08672976,0.040735357
urn:mavedb:00000115-a-6#2875,NA,NA,p.Asp153His,0.053462267,0.05246503
urn:mavedb:00000115-a-6#2876,NA,NA,p.Asp153Ile,-0.012514949,0.024554063
urn:mavedb:00000115-a-6#2877,NA,NA,p.Asp153Lys,0.07908154,0.026883839
urn:mavedb:00000115-a-6#2878,NA,NA,p.Asp153Leu,0.016810017,0.023837829
urn:mavedb:00000115-a-6#2879,NA,NA,p.Asp153Met,-0.003034327,0.032787796
urn:mavedb:00000115-a-6#2880,NA,NA,p.Asp153Asn,0.022722589,0.025179993
urn:mavedb:00000115-a-6#2881,NA,NA,p.Asp153Pro,0.07532271,0.05407503
urn:mavedb:00000115-a-6#2882,NA,NA,p.Asp153Gln,0.007136205,0.057764772
urn:mavedb:00000115-a-6#2883,NA,NA,p.Asp153Arg,0.101195045,0.037575107
urn:mavedb:00000115-a-6#2884,NA,NA,p.Asp153Ser,0.018464966,0.014667748
urn:mavedb:00000115-a-6#2885,NA,NA,p.Asp153Thr,0.04064552,0.037007205
urn:mavedb:00000115-a-6#2886,NA,NA,p.Asp153Val,0.0404429,0.020453915
urn:mavedb:00000115-a-6#2887,NA,NA,p.Asp153Trp,0.21080363,0.04222981
urn:mavedb:00000115-a-6#2888,NA,NA,p.Asp153Tyr,0.059338506,0.024248157
urn:mavedb:00000115-a-6#2889,NA,NA,p.Asp154Ala,0.10218626,0.03120397
urn:mavedb:00000115-a-6#2890,NA,NA,p.Asp154Cys,0.18777984,0.028930089
urn:mavedb:00000115-a-6#2891,NA,NA,p.Asp154Glu,-0.02858754,0.031005792
urn:mavedb:00000115-a-6#2892,NA,NA,p.Asp154Phe,0.12871194,0.055634066
urn:mavedb:00000115-a-6#2893,NA,NA,p.Asp154Gly,0.107225895,0.032519683
urn:mavedb:00000115-a-6#2894,NA,NA,p.Asp154His,0.13584891,0.046883598
urn:mavedb:00000115-a-6#2895,NA,NA,p.Asp154Ile,0.1686431,0.042749397
urn:mavedb:00000115-a-6#2896,NA,NA,p.Asp154Lys,0.07722307,0.03817617
urn:mavedb:00000115-a-6#2897,NA,NA,p.Asp154Leu,0.12378487,0.019933755
urn:mavedb:00000115-a-6#2898,NA,NA,p.Asp154Met,0.080167115,0.036256816
urn:mavedb:00000115-a-6#2899,NA,NA,p.Asp154Asn,0.06966073,0.053455066
urn:mavedb:00000115-a-6#2900,NA,NA,p.Asp154Pro,0.11123935,0.07019854
urn:mavedb:00000115-a-6#2901,NA,NA,p.Asp154Gln,0.067232065,0.055134643
urn:mavedb:00000115-a-6#2902,NA,NA,p.Asp154Arg,0.1090181,0.019043438
urn:mavedb:00000115-a-6#2903,NA,NA,p.Asp154Ser,0.070660375,0.026184563
urn:mavedb:00000115-a-6#2904,NA,NA,p.Asp154Thr,0.1097221,0.032649342
urn:mavedb:00000115-a-6#2905,NA,NA,p.Asp154Val,0.13613324,0.04986488
urn:mavedb:00000115-a-6#2906,NA,NA,p.Asp154Trp,0.13376701,0.069715455
urn:mavedb:00000115-a-6#2907,NA,NA,p.Asp154Tyr,0.16160692,0.049141087
urn:mavedb:00000115-a-6#2908,NA,NA,p.Ala155Cys,-0.1978885,0.17937785
urn:mavedb:00000115-a-6#2909,NA,NA,p.Ala155Asp,0.26171803,0.24088033
urn:mavedb:00000115-a-6#2910,NA,NA,p.Ala155Glu,0.115567595,0.17839867
urn:mavedb:00000115-a-6#2911,NA,NA,p.Ala155Phe,-0.30330914,0.1731916
urn:mavedb:00000115-a-6#2912,NA,NA,p.Ala155Gly,-0.11617383,0.08995396
urn:mavedb:00000115-a-6#2913,NA,NA,p.Ala155His,-0.31244197,0.13392231
urn:mavedb:00000115-a-6#2914,NA,NA,p.Ala155Ile,-0.10601697,0.05431926
urn:mavedb:00000115-a-6#2915,NA,NA,p.Ala155Lys,-0.077052705,0.22848444
urn:mavedb:00000115-a-6#2916,NA,NA,p.Ala155Leu,-0.08914693,0.025613597
urn:mavedb:00000115-a-6#2917,NA,NA,p.Ala155Met,-0.40702006,0.20105296
urn:mavedb:00000115-a-6#2918,NA,NA,p.Ala155Asn,0.40339303,0.13551979
urn:mavedb:00000115-a-6#2919,NA,NA,p.Ala155Pro,0.014001961,0.064389944
urn:mavedb:00000115-a-6#2920,NA,NA,p.Ala155Gln,-0.13316584,0.17383257
urn:mavedb:00000115-a-6#2921,NA,NA,p.Ala155Arg,0.376127,0.26165158
urn:mavedb:00000115-a-6#2922,NA,NA,p.Ala155Ser,-0.070005044,0.06656063
urn:mavedb:00000115-a-6#2923,NA,NA,p.Ala155Thr,-0.05955776,0.088205546
urn:mavedb:00000115-a-6#2924,NA,NA,p.Ala155Val,-0.05188782,0.030252427
urn:mavedb:00000115-a-6#2925,NA,NA,p.Ala155Trp,-0.27108786,0.20475392
urn:mavedb:00000115-a-6#2926,NA,NA,p.Ala155Tyr,-0.36515212,0.24017842
urn:mavedb:00000115-a-6#2927,NA,NA,p.Phe156Ala,0.22945234,0.101148196
urn:mavedb:00000115-a-6#2928,NA,NA,p.Phe156Cys,0.14700954,0.07969472
urn:mavedb:00000115-a-6#2929,NA,NA,p.Phe156Asp,0.5880204,0.26855427
urn:mavedb:00000115-a-6#2930,NA,NA,p.Phe156Glu,0.70137215,0.22165802
urn:mavedb:00000115-a-6#2931,NA,NA,p.Phe156Gly,0.6586076,0.14310016
urn:mavedb:00000115-a-6#2932,NA,NA,p.Phe156His,-0.14468294,0.13260138
urn:mavedb:00000115-a-6#2933,NA,NA,p.Phe156Ile,-0.03451082,0.11085981
urn:mavedb:00000115-a-6#2934,NA,NA,p.Phe156Lys,0.14572485,0.46851325
urn:mavedb:00000115-a-6#2935,NA,NA,p.Phe156Leu,0.12695415,0.035490885
urn:mavedb:00000115-a-6#2936,NA,NA,p.Phe156Met,0.10852096,0.07961406
urn:mavedb:00000115-a-6#2937,NA,NA,p.Phe156Asn,0.29637665,0.16873266
urn:mavedb:00000115-a-6#2938,NA,NA,p.Phe156Pro,0.40565613,0.12439398
urn:mavedb:00000115-a-6#2939,NA,NA,p.Phe156Gln,0.50665945,0.15742823
urn:mavedb:00000115-a-6#2940,NA,NA,p.Phe156Arg,0.8386313,0.35469672
urn:mavedb:00000115-a-6#2941,NA,NA,p.Phe156Ser,0.46315953,0.16033348
urn:mavedb:00000115-a-6#2942,NA,NA,p.Phe156Thr,0.14119948,0.074780956
urn:mavedb:00000115-a-6#2943,NA,NA,p.Phe156Val,0.07321549,0.045182567
urn:mavedb:00000115-a-6#2944,NA,NA,p.Phe156Trp,0.033840574,0.06503922
urn:mavedb:00000115-a-6#2945,NA,NA,p.Phe156Tyr,-0.1038053,0.119759195
urn:mavedb:00000115-a-6#2946,NA,NA,p.Tyr157Ala,-0.04248856,0.0556559
urn:mavedb:00000115-a-6#2947,NA,NA,p.Tyr157Cys,-0.04609301,0.0611802
urn:mavedb:00000115-a-6#2948,NA,NA,p.Tyr157Asp,0.11475017,0.10987732
urn:mavedb:00000115-a-6#2949,NA,NA,p.Tyr157Glu,0.029000016,0.055917684
urn:mavedb:00000115-a-6#2950,NA,NA,p.Tyr157Phe,-0.022953015,0.05659995
urn:mavedb:00000115-a-6#2951,NA,NA,p.Tyr157Gly,0.0028350074,0.065485194
urn:mavedb:00000115-a-6#2952,NA,NA,p.Tyr157His,-0.09896213,0.120630294
urn:mavedb:00000115-a-6#2953,NA,NA,p.Tyr157Ile,-0.012774151,0.057196524
urn:mavedb:00000115-a-6#2954,NA,NA,p.Tyr157Lys,-0.10881694,0.122414894
urn:mavedb:00000115-a-6#2955,NA,NA,p.Tyr157Leu,0.039183687,0.041802756
urn:mavedb:00000115-a-6#2956,NA,NA,p.Tyr157Met,0.12491523,0.054971315
urn:mavedb:00000115-a-6#2957,NA,NA,p.Tyr157Asn,-0.11228274,0.07496345
urn:mavedb:00000115-a-6#2958,NA,NA,p.Tyr157Pro,-0.009992887,0.11359864
urn:mavedb:00000115-a-6#2959,NA,NA,p.Tyr157Gln,-0.056015037,0.09251534
urn:mavedb:00000115-a-6#2960,NA,NA,p.Tyr157Arg,-0.11361916,0.07522777
urn:mavedb:00000115-a-6#2961,NA,NA,p.Tyr157Ser,-0.06193003,0.0693962
urn:mavedb:00000115-a-6#2962,NA,NA,p.Tyr157Thr,0.06188184,0.06274109
urn:mavedb:00000115-a-6#2963,NA,NA,p.Tyr157Val,-0.060043372,0.055095155
urn:mavedb:00000115-a-6#2964,NA,NA,p.Tyr157Trp,0.11685847,0.09196224
urn:mavedb:00000115-a-6#2965,NA,NA,p.Thr158Ala,-0.086947635,0.121345736
urn:mavedb:00000115-a-6#2966,NA,NA,p.Thr158Cys,-0.029404493,0.1044613
urn:mavedb:00000115-a-6#2967,NA,NA,p.Thr158Asp,0.29769224,0.1829506
urn:mavedb:00000115-a-6#2968,NA,NA,p.Thr158Glu,0.12606607,0.24852459
urn:mavedb:00000115-a-6#2969,NA,NA,p.Thr158Phe,-0.10340299,0.17161962
urn:mavedb:00000115-a-6#2970,NA,NA,p.Thr158Gly,0.042729303,0.088631265
urn:mavedb:00000115-a-6#2971,NA,NA,p.Thr158His,-0.06655795,0.1579552
urn:mavedb:00000115-a-6#2972,NA,NA,p.Thr158Ile,-0.02672834,0.230275
urn:mavedb:00000115-a-6#2973,NA,NA,p.Thr158Lys,-0.012504314,0.17557344
urn:mavedb:00000115-a-6#2974,NA,NA,p.Thr158Leu,-0.03418525,0.20180424
urn:mavedb:00000115-a-6#2975,NA,NA,p.Thr158Met,-0.37680537,0.33656314
urn:mavedb:00000115-a-6#2976,NA,NA,p.Thr158Asn,0.10588761,0.042928368
urn:mavedb:00000115-a-6#2977,NA,NA,p.Thr158Pro,0.121996954,0.2437283
urn:mavedb:00000115-a-6#2978,NA,NA,p.Thr158Gln,-0.021475567,0.17517321
urn:mavedb:00000115-a-6#2979,NA,NA,p.Thr158Arg,0.11866257,0.053605095
urn:mavedb:00000115-a-6#2980,NA,NA,p.Thr158Ser,-0.05857502,0.11498678
urn:mavedb:00000115-a-6#2981,NA,NA,p.Thr158Val,0.0068206177,0.13270728
urn:mavedb:00000115-a-6#2982,NA,NA,p.Thr158Trp,-0.16441216,0.14700066
urn:mavedb:00000115-a-6#2983,NA,NA,p.Thr158Tyr,0.073913716,0.06772154
urn:mavedb:00000115-a-6#2984,NA,NA,p.Leu159Ala,0.15009496,0.0167225
urn:mavedb:00000115-a-6#2985,NA,NA,p.Leu159Cys,0.036737897,0.0951367
urn:mavedb:00000115-a-6#2986,NA,NA,p.Leu159Asp,1.0020086,0.48045054
urn:mavedb:00000115-a-6#2987,NA,NA,p.Leu159Glu,0.38658273,0.24314176
urn:mavedb:00000115-a-6#2988,NA,NA,p.Leu159Phe,0.46606958,0.1956086
urn:mavedb:00000115-a-6#2989,NA,NA,p.Leu159Gly,0.32417592,0.22845975
urn:mavedb:00000115-a-6#2990,NA,NA,p.Leu159His,0.43698806,0.33740938
urn:mavedb:00000115-a-6#2991,NA,NA,p.Leu159Ile,0.026620252,0.078725554
urn:mavedb:00000115-a-6#2992,NA,NA,p.Leu159Lys,0.5890914,0.35397166
urn:mavedb:00000115-a-6#2993,NA,NA,p.Leu159Met,-0.1379048,0.19053587
urn:mavedb:00000115-a-6#2994,NA,NA,p.Leu159Asn,0.75719506,0.3301548
urn:mavedb:00000115-a-6#2995,NA,NA,p.Leu159Pro,0.57215923,0.41112494
urn:mavedb:00000115-a-6#2996,NA,NA,p.Leu159Gln,-0.11843456,0.19190311
urn:mavedb:00000115-a-6#2997,NA,NA,p.Leu159Arg,0.6229583,0.28662744
urn:mavedb:00000115-a-6#2998,NA,NA,p.Leu159Ser,0.6054212,0.12429613
urn:mavedb:00000115-a-6#2999,NA,NA,p.Leu159Thr,0.06993711,0.15708798
urn:mavedb:00000115-a-6#3000,NA,NA,p.Leu159Val,-0.0029277937,0.1021421
urn:mavedb:00000115-a-6#3001,NA,NA,p.Leu159Trp,0.5119226,0.26258975
urn:mavedb:00000115-a-6#3002,NA,NA,p.Leu159Tyr,0.61408275,0.23604679
urn:mavedb:00000115-a-6#3003,NA,NA,p.Val160Ala,0.1652519,0.10155995
urn:mavedb:00000115-a-6#3004,NA,NA,p.Val160Cys,-0.18124494,0.15419649
urn:mavedb:00000115-a-6#3005,NA,NA,p.Val160Asp,0.5065199,0.150988
urn:mavedb:00000115-a-6#3006,NA,NA,p.Val160Glu,-0.058262307,0.20138802
urn:mavedb:00000115-a-6#3007,NA,NA,p.Val160Phe,0.08418477,0.05017438
urn:mavedb:00000115-a-6#3008,NA,NA,p.Val160Gly,0.13397186,0.06490974
urn:mavedb:00000115-a-6#3009,NA,NA,p.Val160His,0.19690391,0.0745193
urn:mavedb:00000115-a-6#3010,NA,NA,p.Val160Ile,-0.02342115,0.04160863
urn:mavedb:00000115-a-6#3011,NA,NA,p.Val160Lys,-0.07425041,0.19934897
urn:mavedb:00000115-a-6#3012,NA,NA,p.Val160Leu,0.09863768,0.05059003
urn:mavedb:00000115-a-6#3013,NA,NA,p.Val160Met,-0.07731416,0.11093993
urn:mavedb:00000115-a-6#3014,NA,NA,p.Val160Asn,0.04937656,0.23473732
urn:mavedb:00000115-a-6#3015,NA,NA,p.Val160Pro,1.0629456,0.3867021
urn:mavedb:00000115-a-6#3016,NA,NA,p.Val160Gln,-0.091798,0.10173956
urn:mavedb:00000115-a-6#3017,NA,NA,p.Val160Arg,-0.019353937,0.11864498
urn:mavedb:00000115-a-6#3018,NA,NA,p.Val160Ser,-0.035330996,0.07510978
urn:mavedb:00000115-a-6#3019,NA,NA,p.Val160Thr,0.08758848,0.15748924
urn:mavedb:00000115-a-6#3020,NA,NA,p.Val160Trp,0.14189586,0.107390426
urn:mavedb:00000115-a-6#3021,NA,NA,p.Val160Tyr,-0.024609068,0.17020416
urn:mavedb:00000115-a-6#3022,NA,NA,p.Arg161Ala,0.43600306,0.5752089
urn:mavedb:00000115-a-6#3023,NA,NA,p.Arg161Cys,-0.08709544,0.3113908
urn:mavedb:00000115-a-6#3024,NA,NA,p.Arg161Asp,NA,NA
urn:mavedb:00000115-a-6#3025,NA,NA,p.Arg161Glu,0.05134099,0.2373699
urn:mavedb:00000115-a-6#3026,NA,NA,p.Arg161Phe,0.9922063,0.5312332
urn:mavedb:00000115-a-6#3027,NA,NA,p.Arg161Gly,0.005063594,0.17394668
urn:mavedb:00000115-a-6#3028,NA,NA,p.Arg161His,0.4278834,0.28358668
urn:mavedb:00000115-a-6#3029,NA,NA,p.Arg161Ile,-0.23869877,0.33750632
urn:mavedb:00000115-a-6#3030,NA,NA,p.Arg161Lys,NA,NA
urn:mavedb:00000115-a-6#3031,NA,NA,p.Arg161Leu,0.18337719,0.22582564
urn:mavedb:00000115-a-6#3032,NA,NA,p.Arg161Met,0.62502956,0.23460828
urn:mavedb:00000115-a-6#3033,NA,NA,p.Arg161Asn,-0.15292622,0.20794056
urn:mavedb:00000115-a-6#3034,NA,NA,p.Arg161Pro,0.76755273,0.41644958
urn:mavedb:00000115-a-6#3035,NA,NA,p.Arg161Gln,0.1454135,0.18007286
urn:mavedb:00000115-a-6#3036,NA,NA,p.Arg161Ser,-0.16266166,0.3353508
urn:mavedb:00000115-a-6#3037,NA,NA,p.Arg161Thr,NA,NA
urn:mavedb:00000115-a-6#3038,NA,NA,p.Arg161Val,0.39569455,0.21467644
urn:mavedb:00000115-a-6#3039,NA,NA,p.Arg161Trp,-0.03208345,0.3815824
urn:mavedb:00000115-a-6#3040,NA,NA,p.Arg161Tyr,NA,NA
urn:mavedb:00000115-a-6#3041,NA,NA,p.Glu162Ala,0.0687736,0.09827949
urn:mavedb:00000115-a-6#3042,NA,NA,p.Glu162Cys,0.31345674,0.07294162
urn:mavedb:00000115-a-6#3043,NA,NA,p.Glu162Asp,0.061234728,0.05027017
urn:mavedb:00000115-a-6#3044,NA,NA,p.Glu162Phe,0.2551799,0.16459952
urn:mavedb:00000115-a-6#3045,NA,NA,p.Glu162Gly,0.032872923,0.08174992
urn:mavedb:00000115-a-6#3046,NA,NA,p.Glu162His,-0.03502808,0.21730271
urn:mavedb:00000115-a-6#3047,NA,NA,p.Glu162Ile,-0.00402934,0.14042965
urn:mavedb:00000115-a-6#3048,NA,NA,p.Glu162Lys,-0.02380951,0.11503405
urn:mavedb:00000115-a-6#3049,NA,NA,p.Glu162Leu,0.020425985,0.09665392
urn:mavedb:00000115-a-6#3050,NA,NA,p.Glu162Met,0.010401022,0.12417166
urn:mavedb:00000115-a-6#3051,NA,NA,p.Glu162Asn,-0.14050822,0.15890834
urn:mavedb:00000115-a-6#3052,NA,NA,p.Glu162Pro,0.79907954,0.24513426
urn:mavedb:00000115-a-6#3053,NA,NA,p.Glu162Gln,-0.026835382,0.12953119
urn:mavedb:00000115-a-6#3054,NA,NA,p.Glu162Arg,0.039753232,0.08222227
urn:mavedb:00000115-a-6#3055,NA,NA,p.Glu162Ser,-0.084768385,0.11396476
urn:mavedb:00000115-a-6#3056,NA,NA,p.Glu162Thr,-0.048443317,0.1539715
urn:mavedb:00000115-a-6#3057,NA,NA,p.Glu162Val,0.27649504,0.075935476
urn:mavedb:00000115-a-6#3058,NA,NA,p.Glu162Trp,-0.050956212,0.14286625
urn:mavedb:00000115-a-6#3059,NA,NA,p.Glu162Tyr,0.06152522,0.14802821
urn:mavedb:00000115-a-6#3060,NA,NA,p.Ile163Ala,NA,NA
urn:mavedb:00000115-a-6#3061,NA,NA,p.Ile163Cys,0.25636482,0.28387192
urn:mavedb:00000115-a-6#3062,NA,NA,p.Ile163Asp,NA,NA
urn:mavedb:00000115-a-6#3063,NA,NA,p.Ile163Glu,NA,NA
urn:mavedb:00000115-a-6#3064,NA,NA,p.Ile163Phe,0.16082773,0.13214599
urn:mavedb:00000115-a-6#3065,NA,NA,p.Ile163Gly,0.68658936,0.41514152
urn:mavedb:00000115-a-6#3066,NA,NA,p.Ile163His,0.82326216,0.14246511
urn:mavedb:00000115-a-6#3067,NA,NA,p.Ile163Lys,NA,NA
urn:mavedb:00000115-a-6#3068,NA,NA,p.Ile163Leu,NA,NA
urn:mavedb:00000115-a-6#3069,NA,NA,p.Ile163Met,-0.059483204,0.38179687
urn:mavedb:00000115-a-6#3070,NA,NA,p.Ile163Asn,0.02993619,0.41486624
urn:mavedb:00000115-a-6#3071,NA,NA,p.Ile163Pro,NA,NA
urn:mavedb:00000115-a-6#3072,NA,NA,p.Ile163Gln,NA,NA
urn:mavedb:00000115-a-6#3073,NA,NA,p.Ile163Arg,0.3959925,0.23684038
urn:mavedb:00000115-a-6#3074,NA,NA,p.Ile163Ser,0.35051996,0.29603416
urn:mavedb:00000115-a-6#3075,NA,NA,p.Ile163Thr,0.19823937,0.2027598
urn:mavedb:00000115-a-6#3076,NA,NA,p.Ile163Val,0.042826638,0.17290847
urn:mavedb:00000115-a-6#3077,NA,NA,p.Ile163Trp,0.5341626,0.13996011
urn:mavedb:00000115-a-6#3078,NA,NA,p.Ile163Tyr,0.7039769,0.32235625
urn:mavedb:00000115-a-6#3079,NA,NA,p.Arg164Ala,-0.085164845,0.18181838
urn:mavedb:00000115-a-6#3080,NA,NA,p.Arg164Cys,-0.08151448,0.13070218
urn:mavedb:00000115-a-6#3081,NA,NA,p.Arg164Asp,-0.11047585,0.19707493
urn:mavedb:00000115-a-6#3082,NA,NA,p.Arg164Glu,-0.07926773,0.23123422
urn:mavedb:00000115-a-6#3083,NA,NA,p.Arg164Phe,0.05698871,0.17902489
urn:mavedb:00000115-a-6#3084,NA,NA,p.Arg164Gly,-0.03580014,0.15878159
urn:mavedb:00000115-a-6#3085,NA,NA,p.Arg164His,-0.07495783,0.23903011
urn:mavedb:00000115-a-6#3086,NA,NA,p.Arg164Ile,-0.12526472,0.20125324
urn:mavedb:00000115-a-6#3087,NA,NA,p.Arg164Lys,NA,NA
urn:mavedb:00000115-a-6#3088,NA,NA,p.Arg164Leu,0.014388002,0.2267275
urn:mavedb:00000115-a-6#3089,NA,NA,p.Arg164Met,0.0024194894,0.29303482
urn:mavedb:00000115-a-6#3090,NA,NA,p.Arg164Asn,-0.3356183,0.17943425
urn:mavedb:00000115-a-6#3091,NA,NA,p.Arg164Pro,0.40052918,0.28067383
urn:mavedb:00000115-a-6#3092,NA,NA,p.Arg164Gln,-0.2508176,0.13929942
urn:mavedb:00000115-a-6#3093,NA,NA,p.Arg164Ser,0.1298524,0.2064525
urn:mavedb:00000115-a-6#3094,NA,NA,p.Arg164Thr,-0.35246903,0.27095598
urn:mavedb:00000115-a-6#3095,NA,NA,p.Arg164Val,0.09592192,0.1722786
urn:mavedb:00000115-a-6#3096,NA,NA,p.Arg164Trp,0.087315015,0.13987216
urn:mavedb:00000115-a-6#3097,NA,NA,p.Arg164Tyr,0.11306636,0.35221785
urn:mavedb:00000115-a-6#3098,NA,NA,p.Lys165Ala,-0.07963346,0.17792985
urn:mavedb:00000115-a-6#3099,NA,NA,p.Lys165Cys,0.20412448,0.14583421
urn:mavedb:00000115-a-6#3100,NA,NA,p.Lys165Asp,0.17911278,0.13311565
urn:mavedb:00000115-a-6#3101,NA,NA,p.Lys165Glu,0.12713222,0.18943767
urn:mavedb:00000115-a-6#3102,NA,NA,p.Lys165Phe,0.11380089,0.25687706
urn:mavedb:00000115-a-6#3103,NA,NA,p.Lys165Gly,-0.05544883,0.20338064
urn:mavedb:00000115-a-6#3104,NA,NA,p.Lys165His,-0.06374776,0.19464704
urn:mavedb:00000115-a-6#3105,NA,NA,p.Lys165Ile,-0.016593257,0.21089335
urn:mavedb:00000115-a-6#3106,NA,NA,p.Lys165Leu,-0.027427051,0.11397514
urn:mavedb:00000115-a-6#3107,NA,NA,p.Lys165Met,0.05129539,0.18089104
urn:mavedb:00000115-a-6#3108,NA,NA,p.Lys165Asn,0.053879604,0.13613883
urn:mavedb:00000115-a-6#3109,NA,NA,p.Lys165Pro,0.49424666,0.394392
urn:mavedb:00000115-a-6#3110,NA,NA,p.Lys165Gln,0.22072643,0.24696818
urn:mavedb:00000115-a-6#3111,NA,NA,p.Lys165Arg,0.06644301,0.11041626
urn:mavedb:00000115-a-6#3112,NA,NA,p.Lys165Ser,0.07224073,0.11506542
urn:mavedb:00000115-a-6#3113,NA,NA,p.Lys165Thr,-0.42316014,0.17561488
urn:mavedb:00000115-a-6#3114,NA,NA,p.Lys165Val,-0.0053333705,0.19969317
urn:mavedb:00000115-a-6#3115,NA,NA,p.Lys165Trp,-0.022990555,0.25887954
urn:mavedb:00000115-a-6#3116,NA,NA,p.Lys165Tyr,-0.06001033,0.2336665
urn:mavedb:00000115-a-6#3117,NA,NA,p.His166Ala,-0.0091086775,0.07095439
urn:mavedb:00000115-a-6#3118,NA,NA,p.His166Cys,-0.015417324,0.06744179
urn:mavedb:00000115-a-6#3119,NA,NA,p.His166Asp,-0.04815066,0.05976572
urn:mavedb:00000115-a-6#3120,NA,NA,p.His166Glu,0.11575475,0.125224
urn:mavedb:00000115-a-6#3121,NA,NA,p.His166Phe,0.021371238,0.087301984
urn:mavedb:00000115-a-6#3122,NA,NA,p.His166Gly,-0.038939063,0.099738054
urn:mavedb:00000115-a-6#3123,NA,NA,p.His166Ile,-0.0040627206,0.06432578
urn:mavedb:00000115-a-6#3124,NA,NA,p.His166Lys,-0.07494158,0.1398938
urn:mavedb:00000115-a-6#3125,NA,NA,p.His166Leu,0.030512063,0.048581533
urn:mavedb:00000115-a-6#3126,NA,NA,p.His166Met,-0.054818787,0.13354658
urn:mavedb:00000115-a-6#3127,NA,NA,p.His166Asn,-0.0102388095,0.09775349
urn:mavedb:00000115-a-6#3128,NA,NA,p.His166Pro,0.26712322,0.05563217
urn:mavedb:00000115-a-6#3129,NA,NA,p.His166Gln,0.0030748171,0.11472886
urn:mavedb:00000115-a-6#3130,NA,NA,p.His166Arg,0.13023677,0.039162856
urn:mavedb:00000115-a-6#3131,NA,NA,p.His166Ser,0.03696165,0.038465727
urn:mavedb:00000115-a-6#3132,NA,NA,p.His166Thr,-0.07691538,0.07296161
urn:mavedb:00000115-a-6#3133,NA,NA,p.His166Val,0.01769629,0.08198078
urn:mavedb:00000115-a-6#3134,NA,NA,p.His166Trp,0.016870601,0.18760975
urn:mavedb:00000115-a-6#3135,NA,NA,p.His166Tyr,0.075416625,0.019393397
urn:mavedb:00000115-a-6#3136,NA,NA,p.Lys167Ala,0.14441721,0.03272932
urn:mavedb:00000115-a-6#3137,NA,NA,p.Lys167Cys,0.15423626,0.095149845
urn:mavedb:00000115-a-6#3138,NA,NA,p.Lys167Asp,0.24332023,0.12850787
urn:mavedb:00000115-a-6#3139,NA,NA,p.Lys167Glu,0.19636425,0.09160811
urn:mavedb:00000115-a-6#3140,NA,NA,p.Lys167Phe,0.19285463,0.1641989
urn:mavedb:00000115-a-6#3141,NA,NA,p.Lys167Gly,0.21144815,0.057497993
urn:mavedb:00000115-a-6#3142,NA,NA,p.Lys167His,0.06209191,0.072539695
urn:mavedb:00000115-a-6#3143,NA,NA,p.Lys167Ile,0.13907634,0.11001731
urn:mavedb:00000115-a-6#3144,NA,NA,p.Lys167Leu,0.10119289,0.09464626
urn:mavedb:00000115-a-6#3145,NA,NA,p.Lys167Met,0.036543205,0.07825572
urn:mavedb:00000115-a-6#3146,NA,NA,p.Lys167Asn,0.081755884,0.057426788
urn:mavedb:00000115-a-6#3147,NA,NA,p.Lys167Pro,0.17291689,0.19572848
urn:mavedb:00000115-a-6#3148,NA,NA,p.Lys167Gln,0.1494669,0.055891853
urn:mavedb:00000115-a-6#3149,NA,NA,p.Lys167Arg,0.08199409,0.05986532
urn:mavedb:00000115-a-6#3150,NA,NA,p.Lys167Ser,0.111358054,0.045903523
urn:mavedb:00000115-a-6#3151,NA,NA,p.Lys167Thr,0.007143231,0.06918489
urn:mavedb:00000115-a-6#3152,NA,NA,p.Lys167Val,0.1501821,0.071664885
urn:mavedb:00000115-a-6#3153,NA,NA,p.Lys167Trp,0.14723518,0.0844125
urn:mavedb:00000115-a-6#3154,NA,NA,p.Lys167Tyr,0.17243925,0.07808666
urn:mavedb:00000115-a-6#3155,NA,NA,p.Glu168Ala,0.010529762,0.19854558
urn:mavedb:00000115-a-6#3156,NA,NA,p.Glu168Cys,0.18360856,0.16872913
urn:mavedb:00000115-a-6#3157,NA,NA,p.Glu168Asp,0.013876832,0.21032996
urn:mavedb:00000115-a-6#3158,NA,NA,p.Glu168Phe,0.11937985,0.29179618
urn:mavedb:00000115-a-6#3159,NA,NA,p.Glu168Gly,-0.021052841,0.14167657
urn:mavedb:00000115-a-6#3160,NA,NA,p.Glu168His,0.12288807,0.17740645
urn:mavedb:00000115-a-6#3161,NA,NA,p.Glu168Ile,-0.107321054,0.23681389
urn:mavedb:00000115-a-6#3162,NA,NA,p.Glu168Lys,0.30599788,0.121838704
urn:mavedb:00000115-a-6#3163,NA,NA,p.Glu168Leu,-0.058088694,0.15223858
urn:mavedb:00000115-a-6#3164,NA,NA,p.Glu168Met,-0.20037547,0.2167034
urn:mavedb:00000115-a-6#3165,NA,NA,p.Glu168Asn,0.22012702,0.2009369
urn:mavedb:00000115-a-6#3166,NA,NA,p.Glu168Pro,0.22751649,0.30735043
urn:mavedb:00000115-a-6#3167,NA,NA,p.Glu168Gln,0.24352357,0.16000555
urn:mavedb:00000115-a-6#3168,NA,NA,p.Glu168Arg,0.013760566,0.09910924
urn:mavedb:00000115-a-6#3169,NA,NA,p.Glu168Ser,0.15090683,0.24170397
urn:mavedb:00000115-a-6#3170,NA,NA,p.Glu168Thr,0.24403687,0.30447453
urn:mavedb:00000115-a-6#3171,NA,NA,p.Glu168Val,-0.018975187,0.13098769
urn:mavedb:00000115-a-6#3172,NA,NA,p.Glu168Trp,0.41380867,0.14971004
urn:mavedb:00000115-a-6#3173,NA,NA,p.Glu168Tyr,-0.17489429,0.25324497
urn:mavedb:00000115-a-6#3174,NA,NA,p.Lys169Ala,-0.018547336,0.09085076
urn:mavedb:00000115-a-6#3175,NA,NA,p.Lys169Cys,0.038195577,0.10224007
urn:mavedb:00000115-a-6#3176,NA,NA,p.Lys169Asp,0.021345424,0.20303431
urn:mavedb:00000115-a-6#3177,NA,NA,p.Lys169Glu,0.07759775,0.103647605
urn:mavedb:00000115-a-6#3178,NA,NA,p.Lys169Phe,-0.24753156,0.155556
urn:mavedb:00000115-a-6#3179,NA,NA,p.Lys169Gly,-0.045914207,0.09373972
urn:mavedb:00000115-a-6#3180,NA,NA,p.Lys169His,-0.040274393,0.13322648
urn:mavedb:00000115-a-6#3181,NA,NA,p.Lys169Ile,0.08493866,0.161127
urn:mavedb:00000115-a-6#3182,NA,NA,p.Lys169Leu,0.046386246,0.17433855
urn:mavedb:00000115-a-6#3183,NA,NA,p.Lys169Met,0.061509416,0.051022403
urn:mavedb:00000115-a-6#3184,NA,NA,p.Lys169Asn,-0.07807424,0.11054486
urn:mavedb:00000115-a-6#3185,NA,NA,p.Lys169Pro,-0.26687565,0.30291277
urn:mavedb:00000115-a-6#3186,NA,NA,p.Lys169Gln,-0.23544322,0.1935432
urn:mavedb:00000115-a-6#3187,NA,NA,p.Lys169Arg,0.036383573,0.054452058
urn:mavedb:00000115-a-6#3188,NA,NA,p.Lys169Ser,-0.14872187,0.06256949
urn:mavedb:00000115-a-6#3189,NA,NA,p.Lys169Thr,-0.105134465,0.120853625
urn:mavedb:00000115-a-6#3190,NA,NA,p.Lys169Val,0.12855724,0.06577777
urn:mavedb:00000115-a-6#3191,NA,NA,p.Lys169Trp,0.31252447,0.09752894
urn:mavedb:00000115-a-6#3192,NA,NA,p.Lys169Tyr,-0.37513652,0.27001724
urn:mavedb:00000115-a-6#3193,NA,NA,p.Met170Ala,-0.35005343,0.1355312
urn:mavedb:00000115-a-6#3194,NA,NA,p.Met170Cys,0.05491001,0.05178587
urn:mavedb:00000115-a-6#3195,NA,NA,p.Met170Asp,-0.12093941,0.14535558
urn:mavedb:00000115-a-6#3196,NA,NA,p.Met170Glu,-0.07606482,0.2332875
urn:mavedb:00000115-a-6#3197,NA,NA,p.Met170Phe,NA,NA
urn:mavedb:00000115-a-6#3198,NA,NA,p.Met170Gly,-0.046441864,0.17064895
urn:mavedb:00000115-a-6#3199,NA,NA,p.Met170His,-0.055927753,0.22461587
urn:mavedb:00000115-a-6#3200,NA,NA,p.Met170Ile,0.17967257,0.22940384
urn:mavedb:00000115-a-6#3201,NA,NA,p.Met170Lys,0.105424635,0.18456376
urn:mavedb:00000115-a-6#3202,NA,NA,p.Met170Leu,0.053872738,0.15033787
urn:mavedb:00000115-a-6#3203,NA,NA,p.Met170Asn,-0.22810261,0.42442286
urn:mavedb:00000115-a-6#3204,NA,NA,p.Met170Pro,NA,NA
urn:mavedb:00000115-a-6#3205,NA,NA,p.Met170Gln,0.0044919453,0.42548954
urn:mavedb:00000115-a-6#3206,NA,NA,p.Met170Arg,-0.09727983,0.14454643
urn:mavedb:00000115-a-6#3207,NA,NA,p.Met170Ser,-0.19945873,0.14317432
urn:mavedb:00000115-a-6#3208,NA,NA,p.Met170Thr,0.19243357,0.25962222
urn:mavedb:00000115-a-6#3209,NA,NA,p.Met170Val,-0.10346279,0.14178933
urn:mavedb:00000115-a-6#3210,NA,NA,p.Met170Trp,-0.22685716,0.17508124
urn:mavedb:00000115-a-6#3211,NA,NA,p.Met170Tyr,-0.40412822,0.2751638
urn:mavedb:00000115-a-6#3212,NA,NA,p.Ser171Ala,NA,NA
urn:mavedb:00000115-a-6#3213,NA,NA,p.Ser171Cys,NA,NA
urn:mavedb:00000115-a-6#3214,NA,NA,p.Ser171Asp,NA,NA
urn:mavedb:00000115-a-6#3215,NA,NA,p.Ser171Glu,NA,NA
urn:mavedb:00000115-a-6#3216,NA,NA,p.Ser171Phe,NA,NA
urn:mavedb:00000115-a-6#3217,NA,NA,p.Ser171Gly,0.23084623,0.15394345
urn:mavedb:00000115-a-6#3218,NA,NA,p.Ser171His,NA,NA
urn:mavedb:00000115-a-6#3219,NA,NA,p.Ser171Ile,0.39334756,0.12633146
urn:mavedb:00000115-a-6#3220,NA,NA,p.Ser171Lys,NA,NA
urn:mavedb:00000115-a-6#3221,NA,NA,p.Ser171Leu,NA,NA
urn:mavedb:00000115-a-6#3222,NA,NA,p.Ser171Met,0.15003501,0.1012897
urn:mavedb:00000115-a-6#3223,NA,NA,p.Ser171Asn,NA,NA
urn:mavedb:00000115-a-6#3224,NA,NA,p.Ser171Pro,NA,NA
urn:mavedb:00000115-a-6#3225,NA,NA,p.Ser171Gln,NA,NA
urn:mavedb:00000115-a-6#3226,NA,NA,p.Ser171Arg,-0.21765988,0.30880865
urn:mavedb:00000115-a-6#3227,NA,NA,p.Ser171Thr,NA,NA
urn:mavedb:00000115-a-6#3228,NA,NA,p.Ser171Val,NA,NA
urn:mavedb:00000115-a-6#3229,NA,NA,p.Ser171Trp,NA,NA
urn:mavedb:00000115-a-6#3230,NA,NA,p.Ser171Tyr,NA,NA
urn:mavedb:00000115-a-6#3231,NA,NA,p.Lys172Ala,0.069093525,0.12839516
urn:mavedb:00000115-a-6#3232,NA,NA,p.Lys172Cys,-0.18390897,0.2110935
urn:mavedb:00000115-a-6#3233,NA,NA,p.Lys172Asp,0.05274819,0.16361676
urn:mavedb:00000115-a-6#3234,NA,NA,p.Lys172Glu,0.23537798,0.22718605
urn:mavedb:00000115-a-6#3235,NA,NA,p.Lys172Phe,0.029131576,0.05137175
urn:mavedb:00000115-a-6#3236,NA,NA,p.Lys172Gly,0.15584934,0.06291217
urn:mavedb:00000115-a-6#3237,NA,NA,p.Lys172His,0.038479265,0.18414144
urn:mavedb:00000115-a-6#3238,NA,NA,p.Lys172Ile,-0.06112654,0.15913293
urn:mavedb:00000115-a-6#3239,NA,NA,p.Lys172Leu,0.08579901,0.22658117
urn:mavedb:00000115-a-6#3240,NA,NA,p.Lys172Met,0.052807786,0.14929728
urn:mavedb:00000115-a-6#3241,NA,NA,p.Lys172Asn,0.025359608,0.08584766
urn:mavedb:00000115-a-6#3242,NA,NA,p.Lys172Pro,-0.09991997,0.2415093
urn:mavedb:00000115-a-6#3243,NA,NA,p.Lys172Gln,0.046004467,0.17310883
urn:mavedb:00000115-a-6#3244,NA,NA,p.Lys172Arg,0.21655759,0.11676731
urn:mavedb:00000115-a-6#3245,NA,NA,p.Lys172Ser,-0.079457715,0.08125386
urn:mavedb:00000115-a-6#3246,NA,NA,p.Lys172Thr,-0.29148227,0.21373457
urn:mavedb:00000115-a-6#3247,NA,NA,p.Lys172Val,-0.07376478,0.13290314
urn:mavedb:00000115-a-6#3248,NA,NA,p.Lys172Trp,0.04376581,0.2749234
urn:mavedb:00000115-a-6#3249,NA,NA,p.Lys172Tyr,-0.18476485,0.19931272
urn:mavedb:00000115-a-6#3250,NA,NA,p.Asp173Ala,-0.06253462,0.23983364
urn:mavedb:00000115-a-6#3251,NA,NA,p.Asp173Cys,-0.05898829,0.18517911
urn:mavedb:00000115-a-6#3252,NA,NA,p.Asp173Glu,-0.01714264,0.18834195
urn:mavedb:00000115-a-6#3253,NA,NA,p.Asp173Phe,-0.25766462,0.16788268
urn:mavedb:00000115-a-6#3254,NA,NA,p.Asp173Gly,-0.14153539,0.16157906
urn:mavedb:00000115-a-6#3255,NA,NA,p.Asp173His,0.051541045,0.19237678
urn:mavedb:00000115-a-6#3256,NA,NA,p.Asp173Ile,0.039625604,0.16187313
urn:mavedb:00000115-a-6#3257,NA,NA,p.Asp173Lys,-0.16822524,0.2861218
urn:mavedb:00000115-a-6#3258,NA,NA,p.Asp173Leu,-0.16366816,0.23686288
urn:mavedb:00000115-a-6#3259,NA,NA,p.Asp173Met,0.108049974,0.22206302
urn:mavedb:00000115-a-6#3260,NA,NA,p.Asp173Asn,-0.08794986,0.19846152
urn:mavedb:00000115-a-6#3261,NA,NA,p.Asp173Pro,0.19863403,0.29353985
urn:mavedb:00000115-a-6#3262,NA,NA,p.Asp173Gln,0.25151286,0.28030032
urn:mavedb:00000115-a-6#3263,NA,NA,p.Asp173Arg,-0.19888856,0.20324863
urn:mavedb:00000115-a-6#3264,NA,NA,p.Asp173Ser,-0.14454752,0.16267763
urn:mavedb:00000115-a-6#3265,NA,NA,p.Asp173Thr,0.007558982,0.058063403
urn:mavedb:00000115-a-6#3266,NA,NA,p.Asp173Val,0.16045861,0.0651743
urn:mavedb:00000115-a-6#3267,NA,NA,p.Asp173Trp,-0.23596118,0.15264957
urn:mavedb:00000115-a-6#3268,NA,NA,p.Asp173Tyr,-0.087129146,0.14362842
urn:mavedb:00000115-a-6#3269,NA,NA,p.Gly174Ala,0.0502592,0.13538863
urn:mavedb:00000115-a-6#3270,NA,NA,p.Gly174Cys,-0.0006995694,0.1087858
urn:mavedb:00000115-a-6#3271,NA,NA,p.Gly174Asp,0.031427007,0.19067651
urn:mavedb:00000115-a-6#3272,NA,NA,p.Gly174Glu,-0.14786948,0.12337815
urn:mavedb:00000115-a-6#3273,NA,NA,p.Gly174Phe,0.25240773,0.3067127
urn:mavedb:00000115-a-6#3274,NA,NA,p.Gly174His,0.96151483,0.23377745
urn:mavedb:00000115-a-6#3275,NA,NA,p.Gly174Ile,0.01737627,0.37204158
urn:mavedb:00000115-a-6#3276,NA,NA,p.Gly174Lys,0.39336643,0.115824856
urn:mavedb:00000115-a-6#3277,NA,NA,p.Gly174Leu,-0.07515166,0.26305246
urn:mavedb:00000115-a-6#3278,NA,NA,p.Gly174Met,0.19304146,0.21019764
urn:mavedb:00000115-a-6#3279,NA,NA,p.Gly174Asn,NA,NA
urn:mavedb:00000115-a-6#3280,NA,NA,p.Gly174Pro,0.1774142,0.15660496
urn:mavedb:00000115-a-6#3281,NA,NA,p.Gly174Gln,0.2520446,0.116940245
urn:mavedb:00000115-a-6#3282,NA,NA,p.Gly174Arg,-0.039689854,0.11562507
urn:mavedb:00000115-a-6#3283,NA,NA,p.Gly174Ser,0.004967317,0.028870597
urn:mavedb:00000115-a-6#3284,NA,NA,p.Gly174Thr,NA,NA
urn:mavedb:00000115-a-6#3285,NA,NA,p.Gly174Val,0.03803579,0.12654437
urn:mavedb:00000115-a-6#3286,NA,NA,p.Gly174Trp,0.8527458,0.2763867
urn:mavedb:00000115-a-6#3287,NA,NA,p.Gly174Tyr,0.4426164,0.21553041
urn:mavedb:00000115-a-6#3288,NA,NA,p.Lys175Ala,-0.09174637,0.24448146
urn:mavedb:00000115-a-6#3289,NA,NA,p.Lys175Cys,-0.03192477,0.22727112
urn:mavedb:00000115-a-6#3290,NA,NA,p.Lys175Asp,-0.034352824,0.24705873
urn:mavedb:00000115-a-6#3291,NA,NA,p.Lys175Glu,-0.23634675,0.18491659
urn:mavedb:00000115-a-6#3292,NA,NA,p.Lys175Phe,-0.2413528,0.20602536
urn:mavedb:00000115-a-6#3293,NA,NA,p.Lys175Gly,-0.13845442,0.08572651
urn:mavedb:00000115-a-6#3294,NA,NA,p.Lys175His,-0.073986374,0.27671868
urn:mavedb:00000115-a-6#3295,NA,NA,p.Lys175Ile,-0.111714885,0.2197812
urn:mavedb:00000115-a-6#3296,NA,NA,p.Lys175Leu,0.054468386,0.10731749
urn:mavedb:00000115-a-6#3297,NA,NA,p.Lys175Met,-0.09218796,0.14922622
urn:mavedb:00000115-a-6#3298,NA,NA,p.Lys175Asn,0.10272413,0.13013785
urn:mavedb:00000115-a-6#3299,NA,NA,p.Lys175Pro,0.1825714,0.15227403
urn:mavedb:00000115-a-6#3300,NA,NA,p.Lys175Gln,NA,NA
urn:mavedb:00000115-a-6#3301,NA,NA,p.Lys175Arg,0.00782831,0.24843355
urn:mavedb:00000115-a-6#3302,NA,NA,p.Lys175Ser,0.1610625,0.17366669
urn:mavedb:00000115-a-6#3303,NA,NA,p.Lys175Thr,0.07332427,0.20497847
urn:mavedb:00000115-a-6#3304,NA,NA,p.Lys175Val,0.13942821,0.14863034
urn:mavedb:00000115-a-6#3305,NA,NA,p.Lys175Trp,-0.20873442,0.11269589
urn:mavedb:00000115-a-6#3306,NA,NA,p.Lys175Tyr,0.055567518,0.23242037
urn:mavedb:00000115-a-6#3307,NA,NA,p.Lys176Ala,-0.17892343,0.2743524
urn:mavedb:00000115-a-6#3308,NA,NA,p.Lys176Cys,0.031723708,0.008510217
urn:mavedb:00000115-a-6#3309,NA,NA,p.Lys176Asp,-0.3245419,0.20562455
urn:mavedb:00000115-a-6#3310,NA,NA,p.Lys176Glu,-0.13588566,0.18480267
urn:mavedb:00000115-a-6#3311,NA,NA,p.Lys176Phe,0.08747526,0.1468075
urn:mavedb:00000115-a-6#3312,NA,NA,p.Lys176Gly,0.07114892,0.050009742
urn:mavedb:00000115-a-6#3313,NA,NA,p.Lys176His,-0.0101283435,0.18577754
urn:mavedb:00000115-a-6#3314,NA,NA,p.Lys176Ile,-0.079027005,0.3580914
urn:mavedb:00000115-a-6#3315,NA,NA,p.Lys176Leu,-0.10265835,0.16539748
urn:mavedb:00000115-a-6#3316,NA,NA,p.Lys176Met,-0.12152765,0.24011242
urn:mavedb:00000115-a-6#3317,NA,NA,p.Lys176Asn,-0.15710673,0.21197467
urn:mavedb:00000115-a-6#3318,NA,NA,p.Lys176Pro,-0.17153752,0.25859648
urn:mavedb:00000115-a-6#3319,NA,NA,p.Lys176Gln,-0.021035833,0.28007254
urn:mavedb:00000115-a-6#3320,NA,NA,p.Lys176Arg,0.14218709,0.10285513
urn:mavedb:00000115-a-6#3321,NA,NA,p.Lys176Ser,-0.10682945,0.22330524
urn:mavedb:00000115-a-6#3322,NA,NA,p.Lys176Thr,-0.06022446,0.26053026
urn:mavedb:00000115-a-6#3323,NA,NA,p.Lys176Val,-0.12931743,0.13352267
urn:mavedb:00000115-a-6#3324,NA,NA,p.Lys176Trp,0.14424464,0.09762054
urn:mavedb:00000115-a-6#3325,NA,NA,p.Lys176Tyr,-0.14043406,0.21336494
urn:mavedb:00000115-a-6#3326,NA,NA,p.Lys177Ala,-0.04679769,0.14095652
urn:mavedb:00000115-a-6#3327,NA,NA,p.Lys177Cys,-0.022764731,0.13874538
urn:mavedb:00000115-a-6#3328,NA,NA,p.Lys177Asp,-0.045391798,0.17845823
urn:mavedb:00000115-a-6#3329,NA,NA,p.Lys177Glu,0.0142385345,0.12948228
urn:mavedb:00000115-a-6#3330,NA,NA,p.Lys177Phe,0.024696711,0.28494987
urn:mavedb:00000115-a-6#3331,NA,NA,p.Lys177Gly,-0.023267198,0.07823492
urn:mavedb:00000115-a-6#3332,NA,NA,p.Lys177His,0.08446695,0.26966402
urn:mavedb:00000115-a-6#3333,NA,NA,p.Lys177Ile,-0.10355046,0.20954572
urn:mavedb:00000115-a-6#3334,NA,NA,p.Lys177Leu,0.067693256,0.10091651
urn:mavedb:00000115-a-6#3335,NA,NA,p.Lys177Met,-0.07137909,0.15436767
urn:mavedb:00000115-a-6#3336,NA,NA,p.Lys177Asn,-0.11028558,0.14264286
urn:mavedb:00000115-a-6#3337,NA,NA,p.Lys177Pro,0.018507598,0.33545464
urn:mavedb:00000115-a-6#3338,NA,NA,p.Lys177Gln,-0.100771196,0.18946299
urn:mavedb:00000115-a-6#3339,NA,NA,p.Lys177Arg,0.08299465,0.11158876
urn:mavedb:00000115-a-6#3340,NA,NA,p.Lys177Ser,0.05201854,0.12190486
urn:mavedb:00000115-a-6#3341,NA,NA,p.Lys177Thr,0.045371406,0.11685091
urn:mavedb:00000115-a-6#3342,NA,NA,p.Lys177Val,0.15282811,0.052643918
urn:mavedb:00000115-a-6#3343,NA,NA,p.Lys177Trp,0.13583893,0.087538786
urn:mavedb:00000115-a-6#3344,NA,NA,p.Lys177Tyr,0.163023,0.15163417
urn:mavedb:00000115-a-6#3345,NA,NA,p.Lys178Ala,0.068799764,0.13858725
urn:mavedb:00000115-a-6#3346,NA,NA,p.Lys178Cys,0.12719364,0.09779737
urn:mavedb:00000115-a-6#3347,NA,NA,p.Lys178Asp,-0.050299212,0.08953846
urn:mavedb:00000115-a-6#3348,NA,NA,p.Lys178Glu,0.055316184,0.04693762
urn:mavedb:00000115-a-6#3349,NA,NA,p.Lys178Phe,-0.0076797525,0.093033224
urn:mavedb:00000115-a-6#3350,NA,NA,p.Lys178Gly,0.019659445,0.05474827
urn:mavedb:00000115-a-6#3351,NA,NA,p.Lys178His,-0.10880384,0.2595087
urn:mavedb:00000115-a-6#3352,NA,NA,p.Lys178Ile,0.03299173,0.13648744
urn:mavedb:00000115-a-6#3353,NA,NA,p.Lys178Leu,0.09376777,0.185432
urn:mavedb:00000115-a-6#3354,NA,NA,p.Lys178Met,0.112189315,0.13484709
urn:mavedb:00000115-a-6#3355,NA,NA,p.Lys178Asn,0.08654377,0.07698903
urn:mavedb:00000115-a-6#3356,NA,NA,p.Lys178Pro,-0.08479129,0.14440258
urn:mavedb:00000115-a-6#3357,NA,NA,p.Lys178Gln,-0.11424217,0.13640885
urn:mavedb:00000115-a-6#3358,NA,NA,p.Lys178Arg,0.029236225,0.09131262
urn:mavedb:00000115-a-6#3359,NA,NA,p.Lys178Ser,0.09165528,0.09114017
urn:mavedb:00000115-a-6#3360,NA,NA,p.Lys178Thr,0.0023647824,0.10989216
urn:mavedb:00000115-a-6#3361,NA,NA,p.Lys178Val,-0.06873667,0.0786161
urn:mavedb:00000115-a-6#3362,NA,NA,p.Lys178Trp,0.16425262,0.07544566
urn:mavedb:00000115-a-6#3363,NA,NA,p.Lys178Tyr,-0.02302721,0.13287175
urn:mavedb:00000115-a-6#3364,NA,NA,p.Lys179Ala,NA,NA
urn:mavedb:00000115-a-6#3365,NA,NA,p.Lys179Cys,NA,NA
urn:mavedb:00000115-a-6#3366,NA,NA,p.Lys179Asp,NA,NA
urn:mavedb:00000115-a-6#3367,NA,NA,p.Lys179Glu,-0.2491087,0.32605314
urn:mavedb:00000115-a-6#3368,NA,NA,p.Lys179Phe,NA,NA
urn:mavedb:00000115-a-6#3369,NA,NA,p.Lys179Gly,0.17397107,0.030345527
urn:mavedb:00000115-a-6#3370,NA,NA,p.Lys179His,NA,NA
urn:mavedb:00000115-a-6#3371,NA,NA,p.Lys179Ile,NA,NA
urn:mavedb:00000115-a-6#3372,NA,NA,p.Lys179Leu,NA,NA
urn:mavedb:00000115-a-6#3373,NA,NA,p.Lys179Met,0.07370587,0.2065176
urn:mavedb:00000115-a-6#3374,NA,NA,p.Lys179Asn,NA,NA
urn:mavedb:00000115-a-6#3375,NA,NA,p.Lys179Pro,NA,NA
urn:mavedb:00000115-a-6#3376,NA,NA,p.Lys179Gln,NA,NA
urn:mavedb:00000115-a-6#3377,NA,NA,p.Lys179Arg,0.17502603,0.15517819
urn:mavedb:00000115-a-6#3378,NA,NA,p.Lys179Ser,NA,NA
urn:mavedb:00000115-a-6#3379,NA,NA,p.Lys179Thr,NA,NA
urn:mavedb:00000115-a-6#3380,NA,NA,p.Lys179Val,-0.027440116,0.2897165
urn:mavedb:00000115-a-6#3381,NA,NA,p.Lys179Trp,0.18988162,0.2662984
urn:mavedb:00000115-a-6#3382,NA,NA,p.Lys179Tyr,NA,NA
urn:mavedb:00000115-a-6#3383,NA,NA,p.Lys180Ala,-0.017691063,0.220621
urn:mavedb:00000115-a-6#3384,NA,NA,p.Lys180Cys,-0.29285437,0.3492633
urn:mavedb:00000115-a-6#3385,NA,NA,p.Lys180Asp,0.21464577,0.34569526
urn:mavedb:00000115-a-6#3386,NA,NA,p.Lys180Glu,0.27882412,0.11647859
urn:mavedb:00000115-a-6#3387,NA,NA,p.Lys180Phe,-0.326165,0.40552694
urn:mavedb:00000115-a-6#3388,NA,NA,p.Lys180Gly,-0.097389825,0.15299068
urn:mavedb:00000115-a-6#3389,NA,NA,p.Lys180His,NA,NA
urn:mavedb:00000115-a-6#3390,NA,NA,p.Lys180Ile,0.037933584,0.11214065
urn:mavedb:00000115-a-6#3391,NA,NA,p.Lys180Leu,0.23201483,0.25931838
urn:mavedb:00000115-a-6#3392,NA,NA,p.Lys180Met,0.06811008,0.11618867
urn:mavedb:00000115-a-6#3393,NA,NA,p.Lys180Asn,-0.018815534,0.17315002
urn:mavedb:00000115-a-6#3394,NA,NA,p.Lys180Pro,NA,NA
urn:mavedb:00000115-a-6#3395,NA,NA,p.Lys180Gln,0.14593321,0.35842943
urn:mavedb:00000115-a-6#3396,NA,NA,p.Lys180Arg,0.048041627,0.16315156
urn:mavedb:00000115-a-6#3397,NA,NA,p.Lys180Ser,0.1306009,0.095242344
urn:mavedb:00000115-a-6#3398,NA,NA,p.Lys180Thr,-0.25348938,0.26801383
urn:mavedb:00000115-a-6#3399,NA,NA,p.Lys180Val,-0.17409049,0.19149911
urn:mavedb:00000115-a-6#3400,NA,NA,p.Lys180Trp,0.20216824,0.12758349
urn:mavedb:00000115-a-6#3401,NA,NA,p.Lys180Tyr,NA,NA
urn:mavedb:00000115-a-6#3402,NA,NA,p.Ser181Ala,-0.02180079,0.110053375
urn:mavedb:00000115-a-6#3403,NA,NA,p.Ser181Cys,0.080720335,0.2574262
urn:mavedb:00000115-a-6#3404,NA,NA,p.Ser181Asp,-0.026507288,0.1707135
urn:mavedb:00000115-a-6#3405,NA,NA,p.Ser181Glu,-0.10112756,0.1937504
urn:mavedb:00000115-a-6#3406,NA,NA,p.Ser181Phe,-0.084369205,0.23002309
urn:mavedb:00000115-a-6#3407,NA,NA,p.Ser181Gly,0.1415436,0.10265096
urn:mavedb:00000115-a-6#3408,NA,NA,p.Ser181His,-0.23927307,0.28946656
urn:mavedb:00000115-a-6#3409,NA,NA,p.Ser181Ile,0.39677438,0.20046349
urn:mavedb:00000115-a-6#3410,NA,NA,p.Ser181Lys,NA,NA
urn:mavedb:00000115-a-6#3411,NA,NA,p.Ser181Leu,-0.13694638,0.10843115
urn:mavedb:00000115-a-6#3412,NA,NA,p.Ser181Met,NA,NA
urn:mavedb:00000115-a-6#3413,NA,NA,p.Ser181Asn,-0.06629044,0.08374961
urn:mavedb:00000115-a-6#3414,NA,NA,p.Ser181Pro,-0.19293582,0.3016004
urn:mavedb:00000115-a-6#3415,NA,NA,p.Ser181Gln,-0.047638606,0.27879524
urn:mavedb:00000115-a-6#3416,NA,NA,p.Ser181Arg,-0.088625394,0.18210563
urn:mavedb:00000115-a-6#3417,NA,NA,p.Ser181Thr,-0.2346739,0.23011573
urn:mavedb:00000115-a-6#3418,NA,NA,p.Ser181Val,-0.070732564,0.1541096
urn:mavedb:00000115-a-6#3419,NA,NA,p.Ser181Trp,-0.037536167,0.20641078
urn:mavedb:00000115-a-6#3420,NA,NA,p.Ser181Tyr,-0.17229643,0.19821893
urn:mavedb:00000115-a-6#3421,NA,NA,p.Lys182Ala,NA,NA
urn:mavedb:00000115-a-6#3422,NA,NA,p.Lys182Cys,0.3098824,0.11876417
urn:mavedb:00000115-a-6#3423,NA,NA,p.Lys182Asp,NA,NA
urn:mavedb:00000115-a-6#3424,NA,NA,p.Lys182Glu,-0.16221893,0.27301198
urn:mavedb:00000115-a-6#3425,NA,NA,p.Lys182Phe,-0.22816102,0.3062994
urn:mavedb:00000115-a-6#3426,NA,NA,p.Lys182Gly,0.09253432,0.05676862
urn:mavedb:00000115-a-6#3427,NA,NA,p.Lys182His,0.5900418,0.12079086
urn:mavedb:00000115-a-6#3428,NA,NA,p.Lys182Ile,-0.1427782,0.2093852
urn:mavedb:00000115-a-6#3429,NA,NA,p.Lys182Leu,-0.009258083,0.24551868
urn:mavedb:00000115-a-6#3430,NA,NA,p.Lys182Met,0.21880488,0.16429655
urn:mavedb:00000115-a-6#3431,NA,NA,p.Lys182Asn,0.04010143,0.16471234
urn:mavedb:00000115-a-6#3432,NA,NA,p.Lys182Pro,NA,NA
urn:mavedb:00000115-a-6#3433,NA,NA,p.Lys182Gln,-0.3098381,0.37619936
urn:mavedb:00000115-a-6#3434,NA,NA,p.Lys182Arg,0.15961875,0.096813835
urn:mavedb:00000115-a-6#3435,NA,NA,p.Lys182Ser,0.07165668,0.15384245
urn:mavedb:00000115-a-6#3436,NA,NA,p.Lys182Thr,0.60482204,0.31165063
urn:mavedb:00000115-a-6#3437,NA,NA,p.Lys182Val,0.10186871,0.18346585
urn:mavedb:00000115-a-6#3438,NA,NA,p.Lys182Trp,0.28486037,0.19253455
urn:mavedb:00000115-a-6#3439,NA,NA,p.Lys182Tyr,-0.03744634,0.2713706
urn:mavedb:00000115-a-6#3440,NA,NA,p.Thr183Ala,0.01681995,0.21258447
urn:mavedb:00000115-a-6#3441,NA,NA,p.Thr183Cys,0.21492094,0.20861089
urn:mavedb:00000115-a-6#3442,NA,NA,p.Thr183Asp,-0.018156651,0.35768723
urn:mavedb:00000115-a-6#3443,NA,NA,p.Thr183Glu,-0.18520601,0.29563984
urn:mavedb:00000115-a-6#3444,NA,NA,p.Thr183Phe,-0.052721437,0.30688605
urn:mavedb:00000115-a-6#3445,NA,NA,p.Thr183Gly,0.11432108,0.18366623
urn:mavedb:00000115-a-6#3446,NA,NA,p.Thr183His,0.065318435,0.2796436
urn:mavedb:00000115-a-6#3447,NA,NA,p.Thr183Ile,0.082412764,0.22264448
urn:mavedb:00000115-a-6#3448,NA,NA,p.Thr183Lys,-0.1983145,0.20706089
urn:mavedb:00000115-a-6#3449,NA,NA,p.Thr183Leu,-0.051894337,0.2382011
urn:mavedb:00000115-a-6#3450,NA,NA,p.Thr183Met,0.0087296795,0.24681957
urn:mavedb:00000115-a-6#3451,NA,NA,p.Thr183Asn,0.010486051,0.1386459
urn:mavedb:00000115-a-6#3452,NA,NA,p.Thr183Pro,NA,NA
urn:mavedb:00000115-a-6#3453,NA,NA,p.Thr183Gln,-0.09971899,0.27752757
urn:mavedb:00000115-a-6#3454,NA,NA,p.Thr183Arg,-0.17688626,0.2029683
urn:mavedb:00000115-a-6#3455,NA,NA,p.Thr183Ser,0.023469945,0.10135633
urn:mavedb:00000115-a-6#3456,NA,NA,p.Thr183Val,0.0025031173,0.14340279
urn:mavedb:00000115-a-6#3457,NA,NA,p.Thr183Trp,0.3075002,0.5331348
urn:mavedb:00000115-a-6#3458,NA,NA,p.Thr183Tyr,-0.104134634,0.2677815
urn:mavedb:00000115-a-6#3459,NA,NA,p.Lys184Ala,0.20911384,0.32233837
urn:mavedb:00000115-a-6#3460,NA,NA,p.Lys184Cys,-0.07496674,0.3040317
urn:mavedb:00000115-a-6#3461,NA,NA,p.Lys184Asp,NA,NA
urn:mavedb:00000115-a-6#3462,NA,NA,p.Lys184Glu,0.075647965,0.17936887
urn:mavedb:00000115-a-6#3463,NA,NA,p.Lys184Phe,0.6983986,0.34678048
urn:mavedb:00000115-a-6#3464,NA,NA,p.Lys184Gly,0.051181436,0.13429682
urn:mavedb:00000115-a-6#3465,NA,NA,p.Lys184His,NA,NA
urn:mavedb:00000115-a-6#3466,NA,NA,p.Lys184Ile,0.31207627,0.45628214
urn:mavedb:00000115-a-6#3467,NA,NA,p.Lys184Leu,0.43447533,0.26261383
urn:mavedb:00000115-a-6#3468,NA,NA,p.Lys184Met,0.33335277,0.22616573
urn:mavedb:00000115-a-6#3469,NA,NA,p.Lys184Asn,0.11944836,0.109613545
urn:mavedb:00000115-a-6#3470,NA,NA,p.Lys184Pro,0.27196974,0.30285627
urn:mavedb:00000115-a-6#3471,NA,NA,p.Lys184Gln,-0.0471957,0.2182823
urn:mavedb:00000115-a-6#3472,NA,NA,p.Lys184Arg,0.19836123,0.11921793
urn:mavedb:00000115-a-6#3473,NA,NA,p.Lys184Ser,-0.12064357,0.14505614
urn:mavedb:00000115-a-6#3474,NA,NA,p.Lys184Thr,0.099030115,0.17695732
urn:mavedb:00000115-a-6#3475,NA,NA,p.Lys184Val,-0.1437316,0.19305314
urn:mavedb:00000115-a-6#3476,NA,NA,p.Lys184Trp,0.60975784,0.40734336
urn:mavedb:00000115-a-6#3477,NA,NA,p.Lys184Tyr,0.56484205,0.65241677
urn:mavedb:00000115-a-6#3478,NA,NA,p.Cys185Ala,0.0089429,0.2636584
urn:mavedb:00000115-a-6#3479,NA,NA,p.Cys185Asp,-0.3100826,0.2315996
urn:mavedb:00000115-a-6#3480,NA,NA,p.Cys185Glu,-0.42916107,0.14899832
urn:mavedb:00000115-a-6#3481,NA,NA,p.Cys185Phe,0.07231569,0.18270051
urn:mavedb:00000115-a-6#3482,NA,NA,p.Cys185Gly,-0.06518092,0.03744784
urn:mavedb:00000115-a-6#3483,NA,NA,p.Cys185His,-0.053795885,0.12801176
urn:mavedb:00000115-a-6#3484,NA,NA,p.Cys185Ile,-0.15375979,0.18331526
urn:mavedb:00000115-a-6#3485,NA,NA,p.Cys185Lys,-0.50973135,0.21632326
urn:mavedb:00000115-a-6#3486,NA,NA,p.Cys185Leu,0.43233526,0.17727858
urn:mavedb:00000115-a-6#3487,NA,NA,p.Cys185Met,-0.4343524,0.31914598
urn:mavedb:00000115-a-6#3488,NA,NA,p.Cys185Asn,-0.19045888,0.2471485
urn:mavedb:00000115-a-6#3489,NA,NA,p.Cys185Pro,NA,NA
urn:mavedb:00000115-a-6#3490,NA,NA,p.Cys185Gln,-0.34985855,0.14208138
urn:mavedb:00000115-a-6#3491,NA,NA,p.Cys185Arg,-0.12780139,0.19053757
urn:mavedb:00000115-a-6#3492,NA,NA,p.Cys185Ser,-0.16460435,0.10016228
urn:mavedb:00000115-a-6#3493,NA,NA,p.Cys185Thr,-0.36237192,0.048593085
urn:mavedb:00000115-a-6#3494,NA,NA,p.Cys185Val,-0.12341681,0.21654767
urn:mavedb:00000115-a-6#3495,NA,NA,p.Cys185Trp,0.16181749,0.18569215
urn:mavedb:00000115-a-6#3496,NA,NA,p.Cys185Tyr,0.26532242,0.205409
urn:mavedb:00000115-a-6#3497,NA,NA,p.Val186Ala,-0.07685028,0.17194752
urn:mavedb:00000115-a-6#3498,NA,NA,p.Val186Cys,-0.123540565,0.21796197
urn:mavedb:00000115-a-6#3499,NA,NA,p.Val186Asp,-0.49887264,0.084213
urn:mavedb:00000115-a-6#3500,NA,NA,p.Val186Glu,-0.20189385,0.24481484
urn:mavedb:00000115-a-6#3501,NA,NA,p.Val186Phe,-0.15052648,0.25077674
urn:mavedb:00000115-a-6#3502,NA,NA,p.Val186Gly,0.022846768,0.071052216
urn:mavedb:00000115-a-6#3503,NA,NA,p.Val186His,-0.13381436,0.1691279
urn:mavedb:00000115-a-6#3504,NA,NA,p.Val186Ile,-0.37101185,0.14798135
urn:mavedb:00000115-a-6#3505,NA,NA,p.Val186Lys,0.19476236,0.1976659
urn:mavedb:00000115-a-6#3506,NA,NA,p.Val186Leu,-0.05691692,0.048763126
urn:mavedb:00000115-a-6#3507,NA,NA,p.Val186Met,0.15418166,0.31454566
urn:mavedb:00000115-a-6#3508,NA,NA,p.Val186Asn,-0.10985318,0.11240025
urn:mavedb:00000115-a-6#3509,NA,NA,p.Val186Pro,-0.45004025,0.27994758
urn:mavedb:00000115-a-6#3510,NA,NA,p.Val186Gln,-0.022911932,0.24901894
urn:mavedb:00000115-a-6#3511,NA,NA,p.Val186Arg,-0.0031662537,0.21764037
urn:mavedb:00000115-a-6#3512,NA,NA,p.Val186Ser,-0.17364687,0.13906571
urn:mavedb:00000115-a-6#3513,NA,NA,p.Val186Thr,0.08331568,0.15127574
urn:mavedb:00000115-a-6#3514,NA,NA,p.Val186Trp,0.08698679,0.31319115
urn:mavedb:00000115-a-6#3515,NA,NA,p.Val186Tyr,-0.31891656,0.1726728
urn:mavedb:00000115-a-6#3516,NA,NA,p.Ile187Ala,-0.29870516,0.15512793
urn:mavedb:00000115-a-6#3517,NA,NA,p.Ile187Cys,-0.15307666,0.1543726
urn:mavedb:00000115-a-6#3518,NA,NA,p.Ile187Asp,-0.36815676,0.09138715
urn:mavedb:00000115-a-6#3519,NA,NA,p.Ile187Glu,-0.09818692,0.15450568
urn:mavedb:00000115-a-6#3520,NA,NA,p.Ile187Phe,0.014288315,0.05558311
urn:mavedb:00000115-a-6#3521,NA,NA,p.Ile187Gly,-0.19333138,0.18573266
urn:mavedb:00000115-a-6#3522,NA,NA,p.Ile187His,-0.067682885,0.3541281
urn:mavedb:00000115-a-6#3523,NA,NA,p.Ile187Lys,-0.10746976,0.1498193
urn:mavedb:00000115-a-6#3524,NA,NA,p.Ile187Leu,-0.07024919,0.113245524
urn:mavedb:00000115-a-6#3525,NA,NA,p.Ile187Met,-0.13150942,0.062569395
urn:mavedb:00000115-a-6#3526,NA,NA,p.Ile187Asn,-0.10094573,0.11049261
urn:mavedb:00000115-a-6#3527,NA,NA,p.Ile187Pro,-0.14236231,0.25401607
urn:mavedb:00000115-a-6#3528,NA,NA,p.Ile187Gln,-0.3881712,0.28803572
urn:mavedb:00000115-a-6#3529,NA,NA,p.Ile187Arg,-0.03893124,0.16091087
urn:mavedb:00000115-a-6#3530,NA,NA,p.Ile187Ser,-0.10922014,0.13764533
urn:mavedb:00000115-a-6#3531,NA,NA,p.Ile187Thr,-0.021825638,0.10513237
urn:mavedb:00000115-a-6#3532,NA,NA,p.Ile187Val,0.06740731,0.08664348
urn:mavedb:00000115-a-6#3533,NA,NA,p.Ile187Trp,0.006958357,0.20559661
urn:mavedb:00000115-a-6#3534,NA,NA,p.Ile187Tyr,-0.18517473,0.23404998
urn:mavedb:00000115-a-6#3535,NA,NA,p.Met188Ala,-0.07736872,0.15663916
urn:mavedb:00000115-a-6#3536,NA,NA,p.Met188Cys,-0.0038758374,0.10760562
urn:mavedb:00000115-a-6#3537,NA,NA,p.Met188Asp,-0.4245405,0.14404559
urn:mavedb:00000115-a-6#3538,NA,NA,p.Met188Glu,-0.32235086,0.17081422
urn:mavedb:00000115-a-6#3539,NA,NA,p.Met188Phe,-0.06876391,0.22527573
urn:mavedb:00000115-a-6#3540,NA,NA,p.Met188Gly,-0.11941654,0.1126984
urn:mavedb:00000115-a-6#3541,NA,NA,p.Met188His,-0.28338802,0.24273287
urn:mavedb:00000115-a-6#3542,NA,NA,p.Met188Ile,0.11279634,0.2054854
urn:mavedb:00000115-a-6#3543,NA,NA,p.Met188Lys,-0.060212485,0.14835823
urn:mavedb:00000115-a-6#3544,NA,NA,p.Met188Leu,0.22617891,0.10521997
urn:mavedb:00000115-a-6#3545,NA,NA,p.Met188Asn,-0.15400119,0.2240206
urn:mavedb:00000115-a-6#3546,NA,NA,p.Met188Pro,-0.42820063,0.107237086
urn:mavedb:00000115-a-6#3547,NA,NA,p.Met188Gln,-0.0421502,0.17295174
urn:mavedb:00000115-a-6#3548,NA,NA,p.Met188Arg,-0.08567271,0.08373215
urn:mavedb:00000115-a-6#3549,NA,NA,p.Met188Ser,-0.11348682,0.16083786
urn:mavedb:00000115-a-6#3550,NA,NA,p.Met188Thr,-0.05545008,0.13698295
urn:mavedb:00000115-a-6#3551,NA,NA,p.Met188Val,0.10555385,0.13291961
urn:mavedb:00000115-a-6#3552,NA,NA,p.Met188Trp,0.09303493,0.11745628
urn:mavedb:00000115-a-6#3553,NA,NA,p.Met188Tyr,-0.1976392,0.22523443
